1639812194,1
1639812199,1
1639812204,1
1639812209,1
1639812214,1
1639812219,1
1639812224,1
1639812229,1
1639812234,1
1639812239,1
1639812244,1
1639812249,1
1639812254,1
1639812259,1
1639812264,1
1639812269,1
1639812275,1
1639812280,1
1639812285,1
1639812290,1
1639812295,1
1639812300,1
1639812305,1
1639812310,1
1639812315,1
1639812320,1
1639812325,1
1639812330,1
1639812335,1
1639812340,1
1639812345,1
1639812350,1
1639812355,1
1639812360,1
1639812365,1
1639812370,1
1639812375,1
1639812380,1
1639812385,1
1639812390,1
1639812395,1
1639812400,1
1639812405,1
1639812410,1
1639812415,1
1639812420,1
