1639715934,1
1639715939,1
1639715944,1
1639715949,1
1639715954,1
1639715959,1
1639715964,1
1639715969,1
1639715974,1
1639715979,1
1639715984,1
1639715989,1
1639715994,1
1639715999,1
1639716004,1
1639716009,1
1639716014,1
1639716019,1
1639716024,1
1639716029,1
1639716034,1
1639716039,1
1639716044,1
1639716049,1
1639716054,1
1639716059,1
1639716065,1
1639716070,1
1639716075,1
1639716080,1
1639716085,1
1639716090,1
1639716095,1
1639716100,1
1639716105,1
1639716110,1
1639716115,1
1639716120,1
1639716125,1
1639716130,1
1639716135,1
1639716140,1
1639716145,1
1639716150,1
1639716155,1
1639716160,1
1639716165,1
1639716170,1
1639716175,1
1639716180,1
1639716185,1
1639716190,1
1639716195,1
1639716200,1
1639716205,1
1639716210,1
1639716215,1
1639716220,1
1639716225,1
1639716230,1
1639716235,1
1639716240,1
1639716245,1
1639716250,2
1639716255,2
1639716260,2
1639716265,2
1639716270,2
1639716275,2
1639716280,2
1639716285,2
1639716290,2
1639716295,2
1639716300,2
1639716305,2
1639716310,2
1639716315,2
1639716320,2
1639716325,2
1639716330,2
1639716335,2
1639716340,2
1639716345,2
1639716350,2
1639716355,2
1639716360,2
1639716365,2
1639716370,2
1639716375,2
1639716380,2
1639716385,2
1639716390,2
1639716395,2
1639716400,2
1639716405,2
1639716410,2
1639716415,2
1639716420,2
1639716425,2
1639716430,2
1639716435,2
1639716440,2
1639716445,2
1639716450,2
1639716455,2
1639716460,2
1639716465,2
1639716470,2
1639716475,2
1639716480,2
1639716485,2
1639716490,2
1639716495,2
1639716500,2
1639716505,2
1639716510,2
1639716515,2
1639716520,2
1639716525,2
1639716530,2
1639716535,2
1639716540,2
1639716545,2
1639716550,3
1639716555,3
1639716560,3
1639716565,3
1639716570,3
1639716575,3
1639716580,3
1639716585,3
1639716590,3
1639716595,3
1639716600,3
1639716605,3
1639716610,3
1639716615,3
1639716620,3
1639716626,3
1639716631,3
1639716636,3
1639716641,3
1639716646,3
1639716651,3
1639716656,3
1639716661,3
1639716666,3
1639716671,3
1639716676,3
1639716681,3
1639716686,3
1639716691,3
1639716696,3
1639716701,3
1639716706,3
1639716711,3
1639716716,3
1639716721,3
1639716726,3
1639716731,3
1639716736,3
1639716741,3
1639716746,3
1639716751,3
1639716756,3
1639716761,3
1639716766,3
1639716771,3
1639716776,3
1639716781,3
1639716786,3
1639716791,3
1639716796,3
1639716801,3
1639716806,3
1639716811,3
1639716816,3
1639716821,3
1639716826,3
1639716831,3
1639716836,3
1639716841,3
1639716846,3
1639716851,3
1639716856,3
1639716861,3
1639716866,3
1639716871,3
1639716876,3
1639716881,3
1639716886,3
1639716891,3
1639716896,3
1639716901,3
1639716906,3
1639716911,3
1639716916,3
1639716921,3
1639716926,3
1639716931,3
1639716936,3
1639716941,3
1639716946,3
1639716951,3
1639716956,3
1639716961,3
1639716966,3
1639716971,2
1639716976,2
1639716981,2
1639716986,2
1639716991,2
1639716996,2
1639717001,2
1639717006,2
1639717011,2
1639717016,2
1639717021,2
1639717026,2
1639717031,2
1639717036,2
1639717041,2
1639717046,2
1639717051,2
1639717056,2
1639717061,2
1639717066,2
1639717071,2
1639717076,2
1639717081,2
1639717086,2
1639717091,2
1639717096,2
1639717101,2
1639717106,2
1639717111,2
1639717116,2
1639717121,2
1639717126,2
1639717131,2
1639717136,2
1639717141,2
1639717146,2
1639717151,2
1639717156,2
1639717161,2
1639717166,2
1639717171,2
1639717176,2
1639717181,2
1639717186,2
1639717191,2
1639717196,2
1639717201,2
1639717206,2
1639717211,2
1639717217,2
1639717222,2
1639717227,2
1639717232,2
1639717237,2
1639717242,2
1639717247,2
1639717252,2
1639717257,2
1639717262,2
1639717267,2
1639717272,3
1639717277,3
1639717282,3
1639717287,3
1639717292,3
1639717297,3
1639717302,3
1639717307,3
1639717312,3
1639717317,3
1639717322,3
1639717327,3
1639717332,3
1639717337,3
1639717342,3
1639717347,3
1639717352,3
1639717357,3
1639717362,3
1639717367,3
1639717372,3
1639717377,3
1639717382,3
1639717387,3
1639717392,3
1639717397,3
1639717402,3
1639717407,3
1639717412,3
1639717417,3
1639717422,3
1639717427,3
1639717432,3
1639717437,3
1639717442,3
1639717447,3
1639717452,3
1639717457,3
1639717462,3
1639717467,3
1639717472,3
1639717477,3
1639717482,3
1639717487,3
1639717492,3
1639717497,3
1639717502,3
1639717507,3
1639717512,3
1639717517,3
1639717522,3
1639717527,3
1639717532,3
1639717537,3
1639717542,3
1639717547,3
1639717552,3
1639717557,3
1639717562,3
1639717567,3
1639717572,4
1639717577,4
1639717582,4
1639717587,4
1639717592,4
1639717597,4
1639717602,4
1639717607,4
1639717612,4
1639717617,4
1639717622,4
1639717627,4
1639717632,4
1639717637,4
1639717642,4
1639717647,4
1639717652,4
1639717657,4
1639717662,4
1639717667,4
1639717672,4
1639717677,4
1639717682,4
1639717687,4
1639717692,4
1639717697,4
1639717702,4
1639717707,4
1639717712,4
1639717717,4
1639717722,4
1639717727,4
1639717732,4
1639717737,4
1639717742,4
1639717747,4
1639717752,4
1639717757,4
1639717762,4
1639717767,4
1639717773,4
1639717778,4
1639717783,4
1639717788,4
1639717793,4
1639717798,4
1639717803,4
1639717808,4
1639717813,4
1639717818,4
1639717823,4
1639717828,4
1639717833,4
1639717838,4
1639717843,4
1639717848,4
1639717853,4
1639717858,4
1639717863,4
1639717868,4
1639717873,5
1639717878,5
1639717883,5
1639717888,5
1639717893,5
1639717898,5
1639717903,5
1639717908,5
1639717913,5
1639717918,5
1639717923,5
1639717928,5
1639717933,5
1639717938,5
1639717943,5
1639717948,5
1639717953,5
1639717958,5
1639717963,5
1639717968,5
1639717973,5
1639717978,5
1639717983,5
1639717988,5
1639717993,5
1639717998,5
1639718003,5
1639718008,5
1639718013,5
1639718018,5
1639718023,5
1639718028,5
1639718033,5
1639718038,5
1639718043,5
1639718048,5
1639718053,5
1639718058,5
1639718063,5
1639718068,5
1639718073,5
1639718078,5
1639718083,5
1639718088,5
1639718093,5
1639718098,5
1639718103,5
1639718108,5
1639718113,5
1639718118,5
1639718123,5
1639718128,5
1639718133,5
1639718138,5
1639718143,5
1639718148,5
1639718153,5
1639718158,5
1639718163,5
1639718168,5
1639718173,5
1639718178,5
1639718183,5
1639718188,5
1639718193,5
1639718198,4
1639718203,4
1639718208,4
1639718213,4
1639718218,4
1639718223,4
1639718228,4
1639718233,4
1639718238,4
1639718243,4
1639718248,4
1639718253,4
1639718258,4
1639718263,4
1639718268,4
1639718273,4
1639718278,4
1639718283,4
1639718288,4
1639718293,4
1639718298,4
1639718304,4
1639718309,4
1639718314,4
1639718319,4
1639718324,4
1639718329,4
1639718334,4
1639718339,4
1639718344,4
1639718349,4
1639718354,4
1639718359,4
1639718364,4
1639718369,4
1639718374,4
1639718379,4
1639718384,4
1639718389,4
1639718394,4
1639718399,4
1639718404,4
1639718409,4
1639718414,4
1639718419,4
1639718424,4
1639718429,4
1639718434,4
1639718439,4
1639718444,4
1639718449,4
1639718454,4
1639718459,4
1639718464,4
1639718469,4
1639718474,4
1639718479,4
1639718484,4
1639718489,4
1639718494,4
1639718499,5
1639718504,5
1639718509,5
1639718514,5
1639718519,5
1639718524,5
1639718529,5
1639718534,5
1639718539,5
1639718544,5
1639718549,5
1639718554,5
1639718559,5
1639718564,5
1639718569,5
1639718574,5
1639718579,5
1639718584,5
1639718589,5
1639718594,5
1639718599,5
1639718604,5
1639718609,5
1639718614,5
1639718619,5
1639718624,5
1639718629,5
1639718634,5
1639718639,5
1639718644,5
1639718649,5
1639718654,5
1639718659,5
1639718664,5
1639718669,5
1639718674,5
1639718679,5
1639718684,5
1639718689,5
1639718694,5
1639718699,5
1639718704,5
1639718709,5
1639718714,5
1639718719,5
1639718724,5
1639718729,5
1639718734,5
1639718739,5
1639718744,5
1639718749,5
1639718754,5
1639718759,5
1639718764,5
1639718769,5
1639718774,5
1639718779,5
1639718784,5
1639718789,5
1639718794,5
1639718799,6
1639718804,6
1639718809,6
1639718814,6
1639718819,6
1639718824,6
1639718830,6
1639718835,6
1639718840,6
1639718845,6
1639718850,6
1639718855,6
1639718860,6
1639718865,6
1639718870,6
1639718875,6
1639718880,6
1639718885,6
1639718890,6
1639718895,6
1639718900,6
1639718905,6
1639718910,6
1639718915,6
1639718920,6
1639718925,6
1639718930,6
1639718935,6
1639718940,6
1639718945,6
1639718950,6
1639718955,6
1639718960,6
1639718965,6
1639718970,6
1639718975,6
1639718980,6
1639718985,6
1639718990,6
1639718995,6
1639719000,6
1639719005,6
1639719010,6
1639719015,6
1639719020,6
1639719025,6
1639719030,6
1639719035,6
1639719040,6
1639719045,6
1639719050,6
1639719055,6
1639719060,6
1639719065,6
1639719070,6
1639719075,6
1639719080,6
1639719085,6
1639719090,6
1639719095,6
1639719100,6
1639719105,6
1639719110,6
1639719115,6
1639719120,6
1639719125,6
1639719130,7
1639719135,7
1639719140,7
1639719145,7
1639719150,7
1639719155,7
1639719160,7
1639719165,7
1639719170,7
1639719175,7
1639719180,7
1639719185,7
1639719190,7
1639719195,7
1639719200,7
1639719205,7
1639719210,7
1639719215,7
1639719220,7
1639719225,7
1639719230,7
1639719235,7
1639719240,7
1639719245,7
1639719250,7
1639719255,7
1639719260,7
1639719265,7
1639719270,7
1639719275,7
1639719280,7
1639719285,7
1639719290,7
1639719295,7
1639719300,7
1639719305,7
1639719310,7
1639719315,7
1639719320,7
1639719325,7
1639719330,7
1639719335,7
1639719340,7
1639719346,7
1639719351,7
1639719356,7
1639719361,7
1639719366,7
1639719371,7
1639719376,7
1639719381,7
1639719386,7
1639719391,7
1639719396,7
1639719401,7
1639719406,7
1639719411,7
1639719416,7
1639719421,7
1639719426,7
1639719431,6
1639719436,6
1639719441,6
1639719446,6
1639719451,6
1639719456,6
1639719461,6
1639719466,6
1639719471,6
1639719476,6
1639719481,6
1639719486,6
1639719491,6
1639719496,6
1639719501,6
1639719506,6
1639719511,6
1639719516,6
1639719521,6
1639719526,6
1639719531,6
1639719536,6
1639719541,6
1639719546,6
1639719551,6
1639719556,6
1639719561,6
1639719566,6
1639719571,6
1639719576,6
1639719581,6
1639719586,6
1639719591,6
1639719596,6
1639719601,6
1639719606,6
1639719611,6
1639719616,6
1639719621,6
1639719626,6
1639719631,6
1639719636,6
1639719641,6
1639719646,6
1639719651,6
1639719656,6
1639719661,6
1639719666,6
1639719671,4
1639719676,4
1639719681,4
1639719686,4
1639719691,4
1639719696,4
1639719701,2
1639719706,2
1639719711,2
1639719716,2
1639719721,2
1639719726,2
1639719731,5
1639719736,5
1639719741,5
1639719746,5
1639719751,5
1639719756,5
1639719761,5
1639719766,5
1639719771,5
1639719776,5
1639719781,5
1639719786,5
1639719791,5
1639719796,5
1639719801,5
1639719806,5
1639719811,5
1639719816,5
1639719821,5
1639719826,5
1639719831,5
1639719836,5
1639719841,5
1639719847,5
1639719852,5
1639719857,5
1639719862,5
1639719867,5
1639719872,5
1639719877,5
1639719882,5
1639719887,5
1639719892,5
1639719897,5
1639719902,5
1639719907,5
1639719912,5
1639719917,5
1639719922,5
1639719927,5
1639719932,5
1639719937,5
1639719942,5
1639719947,5
1639719952,5
1639719957,5
1639719962,5
1639719967,5
1639719972,5
1639719977,5
1639719982,5
1639719987,5
1639719992,5
1639719997,5
1639720002,5
1639720007,5
1639720012,5
1639720017,5
1639720022,5
1639720027,5
1639720032,4
1639720037,4
1639720042,4
1639720047,4
1639720052,4
1639720057,4
1639720062,4
1639720067,4
1639720072,4
1639720077,4
1639720082,4
1639720087,4
1639720092,4
1639720097,4
1639720102,4
1639720107,4
1639720112,4
1639720117,4
1639720122,4
1639720127,4
1639720132,4
1639720137,4
1639720142,4
1639720147,4
1639720152,4
1639720157,4
1639720162,4
1639720167,4
1639720172,4
1639720177,4
1639720182,2
1639720187,2
1639720192,2
1639720197,2
1639720202,2
1639720207,2
1639720212,1
1639720217,1
1639720222,1
1639720227,1
1639720232,1
1639720237,1
1639720242,1
1639720247,1
1639720252,1
1639720257,1
1639720262,1
1639720267,1
1639720272,1
1639720277,1
1639720282,1
1639720287,1
1639720292,1
1639720297,1
1639720302,1
1639720307,1
1639720312,1
1639720317,1
1639720322,1
1639720327,1
1639720332,3
1639720337,3
1639720342,3
1639720347,3
1639720352,3
1639720358,3
1639720363,3
1639720368,3
1639720373,3
1639720378,3
1639720383,3
1639720388,3
1639720393,3
1639720398,3
1639720403,3
1639720408,3
1639720413,3
1639720418,3
1639720423,2
1639720428,2
1639720433,2
1639720438,2
1639720443,2
1639720448,2
1639720453,2
1639720458,2
1639720463,2
1639720468,2
1639720473,2
1639720478,2
1639720483,2
1639720488,2
1639720493,2
1639720498,2
1639720503,2
1639720508,2
1639720513,2
1639720518,2
1639720523,2
1639720528,2
1639720533,2
1639720538,2
1639720543,2
1639720548,2
1639720553,2
1639720558,2
1639720563,2
1639720568,2
1639720573,2
1639720578,2
1639720583,2
1639720588,2
1639720593,2
1639720598,2
1639720603,2
1639720608,2
1639720613,2
1639720618,2
1639720623,2
1639720628,2
1639720633,2
1639720638,2
1639720643,2
1639720648,2
1639720653,2
1639720658,2
1639720663,2
1639720668,2
1639720673,2
1639720678,2
1639720683,2
1639720688,2
1639720693,2
1639720698,2
1639720703,2
1639720708,2
1639720713,2
1639720718,2
1639720723,2
1639720728,2
1639720733,2
1639720738,2
1639720743,2
1639720748,2
1639720753,2
1639720758,2
1639720763,2
1639720768,2
1639720773,2
1639720778,2
1639720783,2
1639720788,2
1639720793,2
1639720798,2
1639720803,2
1639720808,2
1639720813,2
1639720818,2
1639720823,2
1639720828,2
1639720833,2
1639720838,2
1639720843,2
1639720848,2
1639720853,2
1639720858,2
1639720863,2
1639720868,2
1639720873,2
1639720878,2
1639720883,2
1639720888,2
1639720894,2
1639720899,2
1639720904,2
1639720909,2
1639720914,2
1639720919,2
1639720924,2
1639720929,1
1639720934,1
1639720939,1
1639720944,1
1639720949,1
1639720954,1
1639720959,1
1639720964,1
1639720969,1
1639720974,1
1639720979,1
1639720984,1
1639720989,1
1639720994,1
1639720999,1
1639721004,1
1639721009,1
1639721014,1
1639721019,1
1639721024,1
1639721029,1
1639721034,1
1639721039,1
1639721044,1
1639721049,3
1639721054,3
1639721059,3
1639721064,3
1639721069,3
1639721074,3
1639721109,2
1639721114,2
1639721119,2
1639721124,2
1639721129,2
1639721134,2
1639721139,2
1639721144,2
1639721149,2
1639721154,2
1639721159,2
1639721164,2
1639721169,2
1639721174,2
1639721179,2
1639721184,2
1639721189,2
1639721194,2
1639721199,2
1639721204,2
1639721209,2
1639721214,2
1639721219,2
1639721224,2
1639721229,2
1639721234,2
1639721239,2
1639721244,2
1639721249,2
1639721254,2
1639721259,2
1639721264,2
1639721269,2
1639721274,2
1639721279,2
1639721284,2
1639721289,2
1639721294,2
1639721299,2
1639721304,2
1639721309,2
1639721314,2
1639721319,2
1639721324,2
1639721329,2
1639721334,2
1639721339,2
1639721344,2
1639721349,2
1639721354,2
1639721359,2
1639721364,2
1639721369,2
1639721374,2
1639721379,2
1639721384,2
1639721389,2
1639721394,2
1639721399,2
1639721404,2
1639721409,2
1639721414,2
1639721419,2
1639721424,2
1639721430,2
1639721435,2
1639721440,2
1639721445,2
1639721450,2
1639721455,2
1639721460,2
1639721465,2
1639721470,2
1639721475,2
1639721480,2
1639721485,2
1639721490,2
1639721495,2
1639721500,2
1639721505,2
1639721510,2
1639721515,2
1639721520,2
1639721525,2
1639721530,2
1639721535,2
1639721540,2
1639721545,2
1639721550,2
1639721555,2
1639721560,2
1639721565,2
1639721570,2
1639721575,2
1639721580,2
1639721585,2
1639721590,2
1639721595,2
1639721600,2
1639721605,2
1639721610,2
1639721615,2
1639721620,2
1639721625,2
1639721630,2
1639721635,2
1639721640,2
1639721645,2
1639721650,2
1639721655,2
1639721660,2
1639721665,2
1639721670,2
1639721675,2
1639721680,2
1639721685,2
1639721690,2
1639721695,2
1639721700,2
1639721705,2
1639721710,2
1639721715,2
1639721720,2
1639721725,2
1639721730,2
1639721735,2
1639721740,2
1639721745,2
1639721750,2
1639721755,2
1639721760,2
1639721765,2
1639721770,2
1639721775,2
1639721780,2
1639721785,2
1639721790,2
1639721795,2
1639721800,2
1639721805,2
1639721810,2
1639721815,2
1639721820,2
1639721825,2
1639721830,2
1639721835,2
1639721840,2
1639721845,2
1639721850,2
1639721855,2
1639721860,1
1639721865,1
1639721870,1
1639721875,1
1639721880,1
1639721885,1
1639721890,1
1639721895,1
1639721900,1
1639721905,1
1639721910,1
1639721915,1
1639721920,1
1639721925,1
1639721930,1
1639721935,1
1639721940,1
1639721945,1
1639721950,1
1639721956,1
1639721961,1
1639721966,1
1639721971,1
1639721976,1
1639721981,1
1639721986,1
1639721991,1
1639721996,1
1639722001,1
1639722006,1
1639722011,1
1639722016,1
1639722021,1
1639722026,1
1639722031,1
1639722036,1
1639722041,1
1639722046,1
1639722051,1
1639722056,1
1639722061,1
1639722066,1
1639722071,1
1639722076,1
1639722081,1
1639722086,1
1639722091,1
1639722096,1
1639722101,1
1639722106,1
1639722111,1
1639722116,1
1639722121,1
1639722126,1
1639722131,1
1639722136,1
1639722141,1
1639722146,1
1639722151,1
1639722156,1
1639722161,1
1639722166,1
1639722171,1
1639722176,1
1639722181,1
1639722186,1
1639722191,1
1639722196,1
1639722201,1
1639722206,1
1639722211,1
1639722216,1
1639722221,1
1639722226,1
1639722231,1
1639722236,1
1639722241,1
1639722246,1
1639722251,1
1639722256,1
1639722261,1
1639722266,1
1639722271,1
1639722276,1
1639722281,1
1639722286,1
1639722291,1
1639722296,1
1639722301,1
1639722306,1
1639722311,1
1639722316,1
1639722321,1
1639722326,1
1639722331,1
1639722336,1
1639722341,1
1639722346,1
1639722351,1
1639722356,1
1639722361,1
1639722366,1
1639722371,1
1639722376,1
1639722381,1
1639722386,1
1639722391,1
1639722396,1
1639722401,1
1639722406,1
1639722411,1
1639722416,1
1639722421,1
1639722426,1
1639722431,1
1639722436,1
1639722441,1
1639722446,1
1639722451,1
1639722456,1
1639722461,1
1639722466,1
1639722471,1
1639722476,1
1639722481,1
1639722486,1
1639722492,1
1639722497,1
1639722502,1
1639722507,1
1639722512,1
1639722517,1
1639722522,1
1639722527,1
1639722532,1
1639722537,1
1639722542,1
1639722547,1
1639722552,1
1639722557,1
1639722562,1
1639722567,1
1639722572,1
1639722577,1
1639722582,1
1639722587,1
1639722592,1
1639722597,1
1639722602,1
1639722607,1
1639722612,1
1639722617,1
1639722622,1
1639722627,1
1639722632,1
1639722637,1
1639722642,1
1639722647,1
1639722652,1
1639722657,1
1639722662,1
1639722667,1
1639722672,1
1639722677,1
1639722682,1
1639722687,1
1639722692,1
1639722697,1
1639722702,1
1639722707,1
1639722712,1
1639722717,1
1639722722,1
1639722727,1
1639722732,1
1639722737,1
1639722742,1
1639722747,1
1639722752,1
1639722757,1
1639722762,1
1639722767,1
1639722772,1
1639722777,1
1639722782,1
1639722787,1
1639722792,1
1639722797,1
1639722802,1
1639722807,1
1639722812,1
1639722817,1
1639722822,1
1639722827,1
1639722832,1
1639722837,1
1639722842,1
1639722847,1
1639722852,1
1639722857,1
1639722862,1
1639722867,1
1639722872,1
1639722877,1
1639722882,1
1639722887,1
1639722892,1
1639722897,1
1639722902,1
1639722907,1
1639722912,1
1639722917,1
1639722922,1
1639722927,1
1639722932,1
1639722937,1
1639722942,1
1639722947,1
1639722952,1
1639722957,1
1639722962,1
1639722967,1
1639722972,1
1639722977,1
1639722982,1
1639722987,1
1639722992,1
1639722997,1
1639723002,1
1639723007,1
1639723012,1
1639723017,1
1639723022,1
1639723027,1
1639723032,1
1639723038,1
1639723043,1
1639723048,1
1639723053,1
1639723058,1
1639723063,1
1639723068,1
1639723073,1
1639723078,1
1639723083,1
1639723088,1
1639723093,1
1639723098,1
1639723103,1
1639723108,1
1639723113,1
1639723118,1
1639723123,1
1639723128,1
1639723133,1
1639723138,1
1639723143,1
1639723148,1
1639723153,1
1639723158,1
1639723163,1
1639723168,1
1639723173,1
1639723178,1
1639723183,1
1639723188,1
1639723193,1
1639723198,1
1639723203,1
1639723208,1
1639723213,1
1639723218,1
1639723223,1
1639723228,1
1639723233,1
1639723238,1
1639723243,1
1639723248,1
1639723253,1
1639723258,1
1639723263,1
1639723268,1
1639723273,1
1639723278,1
1639723283,1
1639723288,1
1639723293,1
1639723298,1
1639723303,1
1639723308,1
1639723313,1
1639723318,1
1639723323,1
1639723328,1
1639723333,1
1639723338,1
1639723343,1
1639723348,1
1639723353,1
1639723358,1
1639723363,1
1639723368,1
1639723373,1
1639723378,1
1639723383,1
1639723388,1
1639723393,1
1639723398,1
1639723403,1
1639723408,1
1639723413,1
1639723418,1
1639723423,1
1639723428,1
1639723433,1
1639723438,1
1639723443,1
1639723448,1
1639723453,1
1639723458,1
1639723463,1
1639723468,1
1639723473,1
1639723478,1
1639723483,1
1639723488,1
1639723493,1
1639723498,1
1639723503,1
1639723508,1
1639723513,1
1639723518,1
1639723523,1
1639723528,1
1639723533,1
1639723538,1
1639723543,1
1639723548,1
1639723553,1
1639723558,1
1639723564,1
1639723569,1
1639723574,1
1639723579,1
1639723584,1
1639723589,1
1639723594,1
1639723599,1
1639723604,1
1639723609,1
1639723614,1
1639723619,1
1639723624,1
1639723629,1
1639723634,1
1639723639,1
1639723644,1
1639723649,1
1639723654,1
1639723659,1
1639723664,1
1639723669,1
1639723674,1
1639723679,1
1639723684,1
1639723689,1
1639723694,1
1639723699,1
1639723704,1
1639723709,1
1639723714,1
1639723719,1
1639723724,1
1639723729,1
1639723734,1
1639723739,1
1639723744,1
1639723749,1
1639723754,1
1639723759,1
1639723764,1
1639723769,1
1639723774,1
1639723779,1
1639723784,1
1639723789,1
1639723794,1
1639723799,1
1639723804,1
1639723809,1
1639723814,1
1639723819,1
1639723824,1
1639723829,1
1639723834,1
1639723839,1
1639723844,1
1639723849,1
1639723854,1
1639723859,1
1639723864,1
1639723869,1
1639723874,1
1639723879,1
1639723884,1
1639723889,1
1639723894,1
1639723899,1
1639723904,1
1639723909,1
1639723914,1
1639723919,1
1639723924,1
1639723929,1
1639723934,1
1639723939,1
1639723944,1
1639723949,1
1639723954,1
1639723959,1
1639723964,1
1639723969,1
1639723974,1
1639723979,1
1639723984,1
1639723989,1
1639723994,1
1639723999,1
1639724004,1
1639724009,1
1639724014,1
1639724019,1
1639724024,1
1639724029,1
1639724034,1
1639724039,1
1639724044,1
1639724049,1
1639724054,1
1639724059,1
1639724064,1
1639724069,1
1639724074,1
1639724079,1
1639724084,1
1639724089,1
1639724094,1
1639724099,1
1639724104,1
1639724109,1
1639724114,1
1639724119,1
1639724124,1
1639724130,1
1639724135,1
1639724140,1
1639724145,1
1639724150,1
1639724155,1
1639724160,1
1639724165,1
1639724170,1
1639724175,1
1639724180,1
1639724185,1
1639724190,1
1639724195,1
1639724200,1
1639724205,1
1639724210,1
1639724215,1
1639724220,1
1639724225,1
1639724230,1
1639724235,1
1639724240,1
1639724245,1
1639724250,1
1639724255,1
1639724260,1
1639724265,1
1639724270,1
1639724275,1
1639724280,1
1639724285,1
1639724290,1
1639724295,1
1639724300,1
1639724305,1
1639724310,1
1639724315,1
1639724320,1
1639724325,1
1639724330,1
1639724335,1
1639724340,1
1639724345,1
1639724350,1
1639724355,1
1639724360,1
1639724365,1
1639724370,1
1639724375,1
1639724380,1
1639724385,1
1639724390,1
1639724395,1
1639724400,1
1639724405,1
1639724410,1
1639724415,1
1639724420,1
1639724425,1
1639724430,1
1639724435,1
1639724440,1
1639724445,1
1639724450,1
1639724455,1
1639724460,1
1639724465,1
1639724470,1
1639724475,1
1639724480,1
1639724485,1
1639724490,1
1639724495,1
1639724500,1
1639724505,1
1639724510,1
1639724515,1
1639724520,1
1639724525,1
1639724530,1
1639724535,1
1639724540,1
1639724545,1
1639724550,1
1639724555,1
1639724560,1
1639724565,1
1639724570,1
1639724575,1
1639724580,1
1639724585,1
1639724590,1
1639724595,1
1639724600,1
1639724605,1
1639724610,1
1639724615,1
1639724620,1
1639724625,1
1639724630,1
1639724635,1
1639724640,1
1639724645,1
1639724650,1
1639724656,1
1639724661,1
1639724666,1
1639724671,1
1639724676,1
1639724681,1
1639724686,1
1639724691,1
1639724696,1
1639724701,1
1639724706,1
1639724711,1
1639724716,1
1639724721,1
1639724726,1
1639724731,1
1639724736,1
1639724741,1
1639724746,1
1639724751,1
1639724756,1
1639724761,1
1639724766,1
1639724771,1
1639724776,1
1639724781,1
1639724786,1
1639724791,1
1639724796,1
1639724801,1
1639724806,1
1639724811,1
1639724816,1
1639724821,1
1639724826,1
1639724831,1
1639724836,1
1639724841,1
1639724846,1
1639724851,1
1639724856,1
1639724861,1
1639724866,1
1639724871,1
1639724876,1
1639724881,1
1639724886,1
1639724891,1
1639724896,1
1639724901,1
1639724906,1
1639724911,1
1639724916,1
1639724921,1
1639724926,1
1639724931,1
1639724936,1
1639724941,1
1639724946,1
1639724951,1
1639724956,1
1639724961,1
1639724966,1
1639724971,1
1639724976,1
1639724981,1
1639724986,1
1639724991,1
1639724996,1
1639725001,1
1639725006,1
1639725011,1
1639725016,1
1639725021,1
1639725026,1
1639725031,1
1639725036,1
1639725041,1
1639725046,1
1639725051,1
1639725056,1
1639725061,1
1639725066,1
1639725071,1
1639725076,1
1639725081,1
1639725086,1
1639725091,1
1639725096,1
1639725101,1
1639725106,1
1639725111,1
1639725116,1
1639725121,1
1639725126,1
1639725131,1
1639725136,1
1639725141,1
1639725146,1
1639725151,1
1639725156,1
1639725161,1
1639725166,1
1639725171,1
1639725176,1
1639725181,1
1639725186,1
1639725191,1
1639725196,1
1639725201,1
1639725206,1
1639725211,1
1639725216,1
1639725221,1
1639725226,1
1639725232,1
1639725237,1
1639725242,1
1639725247,1
1639725252,1
1639725257,1
1639725262,1
1639725267,1
1639725272,1
1639725277,1
1639725282,1
1639725287,1
1639725292,1
1639725297,1
1639725302,1
1639725307,1
1639725312,1
1639725317,1
1639725322,1
1639725327,1
1639725332,1
1639725337,1
1639725342,1
1639725347,1
1639725352,1
1639725357,1
1639725362,1
1639725367,1
1639725372,1
1639725377,1
1639725382,1
1639725387,1
1639725392,1
1639725397,1
1639725402,1
1639725407,1
1639725412,1
1639725417,1
1639725422,1
1639725427,1
1639725432,1
1639725437,1
1639725442,1
1639725447,1
1639725452,1
1639725457,1
1639725462,1
1639725467,1
1639725472,1
1639725477,1
1639725482,1
1639725487,1
1639725492,1
1639725497,1
1639725502,1
1639725507,1
1639725512,1
1639725517,1
1639725522,1
1639725527,1
1639725532,1
1639725537,1
1639725542,1
1639725547,1
1639725552,1
1639725557,1
1639725562,1
1639725567,1
1639725572,1
1639725577,1
1639725582,1
1639725587,1
1639725592,1
1639725597,1
1639725602,1
1639725607,1
1639725612,1
1639725617,1
1639725622,1
1639725627,1
1639725632,1
1639725637,1
1639725642,1
1639725647,1
1639725652,1
1639725657,1
1639725662,1
1639725667,1
1639725672,1
1639725677,1
1639725682,1
1639725687,1
1639725692,1
1639725697,1
1639725702,1
1639725707,1
1639725712,1
1639725717,1
1639725722,1
1639725727,1
1639725732,1
1639725737,1
1639725742,1
1639725747,1
1639725752,1
1639725757,1
1639725762,1
1639725767,1
1639725772,1
1639725777,1
1639725782,1
1639725787,1
1639725792,1
1639725797,1
1639725802,1
1639725807,1
1639725812,1
1639725817,1
1639725822,1
1639725828,1
1639725833,1
1639725838,1
1639725843,1
1639725848,1
1639725853,1
1639725858,1
1639725863,1
1639725868,1
1639725873,1
1639725878,1
1639725883,1
1639725888,1
1639725893,1
1639725898,1
1639725903,1
1639725908,1
1639725913,1
1639725918,1
1639725923,1
1639725928,1
1639725933,1
1639725938,1
1639725943,1
1639725948,1
1639725953,1
1639725958,1
1639725963,1
1639725968,1
1639725973,1
1639725978,1
1639725983,1
1639725988,1
1639725993,1
1639725998,1
1639726003,1
1639726008,1
1639726013,1
1639726018,1
1639726023,1
1639726028,1
1639726033,1
1639726038,1
1639726043,1
1639726048,1
1639726053,1
1639726058,1
1639726063,1
1639726068,1
1639726073,1
1639726078,1
1639726083,1
1639726088,1
1639726093,1
1639726098,1
1639726103,1
1639726108,1
1639726113,1
1639726118,1
1639726123,1
1639726128,1
1639726133,1
1639726138,1
1639726143,1
1639726148,1
1639726153,1
1639726158,1
1639726163,1
1639726168,1
1639726173,1
1639726178,1
1639726183,1
1639726188,1
1639726193,1
1639726198,1
1639726203,1
1639726208,1
1639726213,1
1639726218,1
1639726223,1
1639726228,1
1639726233,1
1639726238,1
1639726243,1
1639726248,1
1639726253,1
1639726258,1
1639726263,1
1639726268,1
1639726273,1
1639726278,1
1639726283,1
1639726288,1
1639726293,1
1639726298,1
1639726303,1
1639726308,1
1639726313,1
1639726318,1
1639726323,1
1639726328,1
1639726333,1
1639726338,1
1639726343,1
1639726348,1
1639726353,1
1639726358,1
1639726363,1
1639726368,1
1639726373,1
1639726378,1
1639726383,1
1639726389,1
1639726394,1
1639726399,1
1639726404,1
1639726409,1
1639726414,1
1639726419,1
1639726424,1
1639726429,1
1639726434,1
1639726439,1
1639726444,1
1639726449,1
1639726454,1
1639726459,1
1639726464,1
1639726469,1
1639726474,1
1639726479,1
1639726484,1
1639726489,1
1639726494,1
1639726499,1
1639726504,1
1639726509,1
1639726514,1
1639726519,1
1639726524,1
1639726529,1
1639726534,1
1639726539,1
1639726544,1
1639726549,1
1639726554,1
1639726559,1
1639726564,1
1639726569,1
1639726574,1
1639726579,1
1639726584,1
1639726589,1
1639726594,1
1639726599,1
1639726604,1
1639726609,1
1639726614,1
1639726619,1
1639726624,1
1639726629,1
1639726634,1
1639726639,1
1639726644,1
1639726649,1
1639726654,1
1639726659,1
1639726664,1
1639726669,1
1639726674,1
1639726679,1
1639726684,1
1639726689,1
1639726694,1
1639726699,1
1639726704,1
1639726709,1
1639726714,1
1639726719,1
1639726724,1
1639726729,1
1639726734,1
1639726739,1
1639726744,1
1639726749,1
1639726754,1
1639726759,1
1639726764,1
1639726769,1
1639726774,1
1639726779,1
1639726784,1
1639726789,1
1639726794,1
1639726799,1
1639726804,1
1639726809,1
1639726814,1
1639726819,1
1639726824,1
1639726829,1
1639726834,1
1639726839,1
1639726844,1
1639726849,1
1639726854,1
1639726859,1
1639726864,1
1639726869,1
1639726874,1
1639726879,1
1639726884,1
1639726889,1
1639726894,1
1639726899,1
1639726904,1
1639726909,1
1639726914,1
1639726919,1
1639726924,1
1639726929,1
1639726934,1
1639726940,1
1639726945,1
1639726950,1
1639726955,1
1639726960,1
1639726965,1
1639726970,1
1639726975,1
1639726980,1
1639726985,1
1639726990,1
1639726995,1
1639727000,1
1639727005,1
1639727010,1
1639727015,1
1639727020,1
1639727025,1
1639727030,1
1639727035,1
1639727040,1
1639727045,1
1639727050,1
1639727055,1
1639727060,1
1639727065,1
1639727070,1
1639727075,1
1639727080,1
1639727085,1
1639727090,1
1639727095,1
1639727100,1
1639727105,1
1639727110,1
1639727115,1
1639727120,1
1639727125,1
1639727130,1
1639727135,1
1639727140,1
1639727145,1
1639727150,1
1639727155,1
1639727160,1
1639727165,1
1639727170,1
1639727175,1
1639727180,1
1639727185,1
1639727190,1
1639727195,1
1639727200,1
1639727205,1
1639727210,1
1639727215,1
1639727220,1
1639727225,1
1639727230,1
1639727235,1
1639727240,1
1639727245,1
1639727250,1
1639727255,1
1639727260,1
1639727265,1
1639727270,1
1639727275,1
1639727280,1
1639727285,1
1639727290,1
1639727295,1
1639727300,1
1639727305,1
1639727310,1
1639727315,1
1639727320,1
1639727325,1
1639727330,1
1639727335,1
1639727340,1
1639727345,1
1639727350,1
1639727355,1
1639727360,1
1639727365,1
1639727370,1
1639727375,1
1639727380,1
1639727385,1
1639727390,1
1639727395,1
1639727400,1
1639727405,1
1639727410,1
1639727415,1
1639727420,1
1639727425,1
1639727430,1
1639727435,1
1639727440,1
1639727445,1
1639727450,1
1639727455,1
1639727460,1
1639727465,1
1639727470,1
1639727475,1
1639727480,1
1639727485,1
1639727490,1
1639727495,1
1639727500,1
1639727505,1
1639727511,1
1639727516,1
1639727521,1
1639727526,1
1639727531,1
1639727536,1
1639727541,1
1639727546,1
1639727551,1
1639727556,1
1639727561,1
1639727566,1
1639727571,1
1639727576,1
1639727581,1
1639727586,1
1639727591,1
1639727596,1
1639727601,1
1639727606,1
1639727611,1
1639727616,1
1639727621,1
1639727626,1
1639727631,1
1639727636,1
1639727641,1
1639727646,1
1639727651,1
1639727656,1
1639727661,1
1639727666,1
1639727671,1
1639727676,1
1639727681,1
1639727686,1
1639727691,1
1639727696,1
1639727701,1
1639727706,1
1639727711,1
1639727716,1
1639727721,1
1639727726,1
1639727731,1
1639727736,1
1639727741,1
1639727746,1
1639727751,1
1639727756,1
1639727761,1
1639727766,1
1639727771,1
1639727776,1
1639727781,1
1639727786,1
1639727791,1
1639727796,1
1639727801,1
1639727806,1
1639727811,1
1639727816,1
1639727821,1
1639727826,1
1639727831,1
1639727836,1
1639727841,1
1639727846,1
1639727851,1
1639727856,1
1639727861,1
1639727866,1
1639727871,1
1639727876,1
1639727881,1
1639727886,1
1639727891,1
1639727896,1
1639727901,1
1639727906,1
1639727911,1
1639727916,1
1639727921,1
1639727926,1
1639727931,1
1639727936,1
1639727941,1
1639727946,1
1639727951,1
1639727956,1
1639727961,1
1639727966,1
1639727971,1
1639727976,1
1639727981,1
1639727986,1
1639727991,1
1639727996,1
1639728001,1
1639728006,1
1639728011,1
1639728016,1
1639728021,1
1639728026,1
1639728031,1
1639728036,1
1639728041,1
1639728047,1
1639728052,1
1639728057,1
1639728062,1
1639728067,1
1639728072,1
1639728077,1
1639728082,1
1639728087,1
1639728092,1
1639728097,1
1639728102,1
1639728107,1
1639728112,1
1639728117,1
1639728122,1
1639728127,1
1639728132,1
1639728137,1
1639728142,1
1639728147,1
1639728152,1
1639728157,1
1639728162,1
1639728167,1
1639728172,1
1639728177,1
1639728182,1
1639728187,1
1639728192,1
1639728197,1
1639728202,1
1639728207,1
1639728212,1
1639728217,1
1639728222,1
1639728227,1
1639728232,1
1639728237,1
1639728242,1
1639728247,1
1639728252,1
1639728257,1
1639728262,1
1639728267,1
1639728272,1
1639728277,1
1639728282,1
1639728287,1
1639728292,1
1639728297,1
1639728302,1
1639728307,1
1639728312,1
1639728317,1
1639728322,1
1639728327,1
1639728332,1
1639728337,1
1639728342,1
1639728347,1
1639728352,1
1639728357,1
1639728362,1
1639728367,1
1639728372,1
1639728377,1
1639728382,1
1639728387,1
1639728392,1
1639728397,1
1639728402,1
1639728407,1
1639728412,1
1639728417,1
1639728422,1
1639728427,1
1639728432,1
1639728437,1
1639728442,1
1639728447,1
1639728452,1
1639728457,1
1639728462,1
1639728467,1
1639728472,1
1639728477,1
1639728482,1
1639728487,1
1639728492,1
1639728497,1
1639728502,1
1639728507,1
1639728512,1
1639728517,1
1639728522,1
1639728527,1
1639728532,1
1639728537,1
1639728542,1
1639728547,1
1639728552,1
1639728557,1
1639728562,1
1639728567,1
1639728572,1
1639728577,1
1639728582,1
1639728587,1
1639728592,1
1639728597,1
1639728602,1
1639728607,1
1639728612,1
1639728617,1
1639728623,1
1639728628,1
1639728633,1
1639728638,1
1639728643,1
1639728648,1
1639728653,1
1639728658,1
1639728663,1
1639728668,1
1639728673,1
1639728678,1
1639728683,1
1639728688,1
1639728693,1
1639728698,1
1639728703,1
1639728708,1
1639728713,1
1639728718,1
1639728723,1
1639728728,1
1639728733,1
1639728738,1
1639728743,1
1639728748,1
1639728753,1
1639728758,1
1639728763,1
1639728768,1
1639728773,1
1639728778,1
1639728783,1
1639728788,1
1639728793,1
1639728798,1
1639728803,1
1639728808,1
1639728813,1
1639728818,1
1639728823,1
1639728828,1
1639728833,1
1639728838,1
1639728843,1
1639728848,1
1639728853,1
1639728858,1
1639728863,1
1639728868,1
1639728873,1
1639728878,1
1639728883,1
1639728888,1
1639728893,1
1639728898,1
1639728903,1
1639728908,1
1639728913,1
1639728918,1
1639728923,1
1639728928,1
1639728933,1
1639728938,1
1639728943,1
1639728948,1
1639728953,1
1639728958,1
1639728963,1
1639728968,1
1639728973,1
1639728978,1
1639728983,1
1639728988,1
1639728993,1
1639728998,1
1639729003,1
1639729008,1
1639729013,1
1639729018,1
1639729023,1
1639729028,1
1639729033,1
1639729038,1
1639729043,1
1639729048,1
1639729053,1
1639729058,1
1639729063,1
1639729068,1
1639729073,1
1639729078,1
1639729083,1
1639729088,1
1639729093,1
1639729098,1
1639729103,1
1639729108,1
1639729113,1
1639729118,1
1639729123,1
1639729128,1
1639729133,1
1639729138,1
