1639663058,1
1639663063,1
1639663068,1
1639663073,1
1639663078,1
1639663083,1
1639663088,1
1639663093,1
1639663098,1
1639663103,1
1639663108,1
1639663113,1
1639663118,1
1639663123,1
1639663128,1
1639663133,1
1639663138,1
1639663143,1
1639663148,1
1639663153,1
1639663158,1
1639663164,1
1639663169,1
1639663174,1
1639663179,1
1639663184,1
1639663189,1
1639663194,1
1639663199,1
1639663204,1
1639663209,1
1639663214,1
1639663219,1
1639663224,1
1639663229,1
1639663234,1
1639663239,1
1639663244,1
1639663249,1
1639663254,1
1639663259,1
1639663264,1
1639663269,1
1639663274,1
1639663279,1
1639663284,1
1639663289,1
1639663294,1
1639663299,1
1639663304,1
1639663309,1
1639663314,1
1639663319,1
1639663324,1
1639663329,1
1639663334,1
1639663339,1
1639663344,1
1639663349,1
1639663354,1
1639663359,1
1639663364,1
1639663369,1
1639663374,2
1639663379,2
1639663384,2
1639663389,2
1639663394,2
1639663399,2
1639663404,2
1639663409,2
1639663414,2
1639663419,2
1639663424,2
1639663429,2
1639663434,2
1639663439,2
1639663444,2
1639663449,2
1639663454,2
1639663459,2
1639663464,2
1639663469,2
1639663474,2
1639663479,2
1639663484,2
1639663489,2
1639663494,2
1639663499,2
1639663504,2
1639663509,2
1639663514,2
1639663519,2
1639663524,2
1639663529,2
1639663534,2
1639663539,2
1639663544,2
1639663549,2
1639663554,2
1639663559,2
1639663564,2
1639663569,2
1639663574,2
1639663579,2
1639663584,2
1639663589,2
1639663594,2
1639663599,2
1639663604,2
1639663609,2
1639663614,2
1639663619,2
1639663624,2
1639663629,2
1639663634,2
1639663639,2
1639663644,2
1639663649,2
1639663654,2
1639663659,2
1639663664,2
1639663669,2
1639663674,3
1639663679,3
1639663684,3
1639663689,3
1639663694,3
1639663699,3
1639663705,3
1639663710,3
1639663715,3
1639663720,3
1639663725,3
1639663730,3
1639663735,3
1639663740,3
1639663745,3
1639663750,3
1639663755,3
1639663760,3
1639663765,3
1639663770,3
1639663775,3
1639663780,3
1639663785,3
1639663790,3
1639663795,3
1639663800,3
1639663805,3
1639663810,3
1639663815,3
1639663820,3
1639663825,3
1639663830,3
1639663835,3
1639663840,3
1639663845,3
1639663850,3
1639663855,3
1639663860,3
1639663865,3
1639663870,3
1639663875,3
1639663880,3
1639663885,3
1639663890,3
1639663895,3
1639663900,3
1639663905,3
1639663910,3
1639663915,3
1639663920,3
1639663925,3
1639663930,3
1639663935,3
1639663940,3
1639663945,3
1639663950,3
1639663955,3
1639663960,3
1639663965,3
1639663970,3
1639663975,4
1639663980,4
1639663985,4
1639663990,4
1639663995,4
1639664000,4
1639664005,4
1639664010,4
1639664015,4
1639664020,4
1639664025,4
1639664030,4
1639664035,4
1639664040,4
1639664045,4
1639664050,4
1639664055,4
1639664060,4
1639664065,4
1639664070,4
1639664075,4
1639664080,4
1639664085,4
1639664090,4
1639664095,4
1639664100,4
1639664105,4
1639664110,4
1639664115,4
1639664120,4
1639664125,4
1639664130,4
1639664135,4
1639664140,4
1639664145,4
1639664150,4
1639664155,4
1639664160,4
1639664165,4
1639664170,4
1639664175,4
1639664180,4
1639664185,4
1639664190,4
1639664195,4
1639664200,4
1639664205,4
1639664210,4
1639664215,4
1639664220,4
1639664225,4
1639664230,4
1639664235,4
1639664240,4
1639664245,4
1639664251,4
1639664256,4
1639664261,4
1639664266,4
1639664271,4
1639664276,5
1639664281,5
1639664286,5
1639664291,5
1639664296,5
1639664301,5
1639664306,5
1639664311,5
1639664316,5
1639664321,5
1639664326,5
1639664331,5
1639664336,5
1639664341,5
1639664346,5
1639664351,5
1639664356,5
1639664361,5
1639664366,5
1639664371,5
1639664376,5
1639664381,5
1639664386,5
1639664391,5
1639664396,5
1639664401,5
1639664406,5
1639664411,5
1639664416,5
1639664421,5
1639664426,5
1639664431,5
1639664436,5
1639664441,5
1639664446,5
1639664451,5
1639664456,5
1639664461,5
1639664466,5
1639664471,5
1639664476,5
1639664481,5
1639664486,5
1639664491,5
1639664496,5
1639664501,5
1639664506,5
1639664511,5
1639664516,5
1639664521,5
1639664526,5
1639664531,5
1639664536,5
1639664541,5
1639664546,5
1639664551,5
1639664556,5
1639664561,5
1639664566,5
1639664571,5
1639664576,5
1639664581,5
1639664586,5
1639664591,5
1639664596,5
1639664601,5
1639664606,5
1639664611,5
1639664616,5
1639664621,5
1639664626,5
1639664631,5
1639664636,5
1639664641,5
1639664646,5
1639664651,5
1639664656,5
1639664661,5
1639664666,5
1639664671,5
1639664676,5
1639664681,5
1639664686,5
1639664691,5
1639664696,5
1639664701,5
1639664706,5
1639664711,5
1639664716,5
1639664721,4
1639664726,4
1639664731,4
1639664736,4
1639664741,4
1639664746,4
1639664751,4
1639664756,4
1639664762,4
1639664767,4
1639664772,4
1639664777,4
1639664782,4
1639664787,4
1639664792,4
1639664797,4
1639664802,4
1639664807,4
1639664812,4
1639664817,4
1639664822,4
1639664827,4
1639664832,4
1639664837,4
1639664842,4
1639664847,4
1639664852,4
1639664857,4
1639664862,4
1639664867,4
1639664872,4
1639664877,4
1639664882,4
1639664887,4
1639664892,4
1639664897,4
1639664902,4
1639664907,4
1639664912,4
1639664917,4
1639664922,4
1639664927,4
1639664932,4
1639664937,4
1639664942,4
1639664947,4
1639664952,4
1639664957,4
1639664962,4
1639664967,4
1639664972,4
1639664977,4
1639664982,4
1639664987,4
1639664992,4
1639664997,4
1639665002,4
1639665007,4
1639665012,4
1639665017,4
1639665022,5
1639665027,5
1639665032,5
1639665037,5
1639665042,5
1639665047,5
1639665052,5
1639665057,5
1639665062,5
1639665067,5
1639665072,5
1639665077,5
1639665082,5
1639665087,5
1639665092,5
1639665097,5
1639665102,5
1639665107,5
1639665112,5
1639665117,5
1639665122,5
1639665127,5
1639665132,5
1639665137,5
1639665142,5
1639665147,5
1639665152,5
1639665157,5
1639665162,5
1639665167,5
1639665172,5
1639665177,5
1639665182,5
1639665187,5
1639665192,5
1639665197,5
1639665202,5
1639665207,5
1639665212,5
1639665217,5
1639665222,5
1639665227,5
1639665232,5
1639665237,5
1639665242,5
1639665247,5
1639665252,5
1639665257,5
1639665262,5
1639665267,5
1639665272,5
1639665277,5
1639665282,5
1639665287,5
1639665292,5
1639665298,5
1639665303,5
1639665308,5
1639665313,5
1639665318,5
1639665323,5
1639665328,5
1639665333,5
1639665338,5
1639665343,5
1639665348,5
1639665353,5
1639665358,5
1639665363,5
1639665368,5
1639665373,5
1639665378,5
1639665383,5
1639665388,5
1639665393,5
1639665398,5
1639665403,5
1639665408,5
1639665413,5
1639665418,5
1639665423,5
1639665428,5
1639665433,5
1639665438,5
1639665443,5
1639665448,5
1639665453,5
1639665458,5
1639665463,5
1639665468,5
1639665473,5
1639665478,5
1639665483,5
1639665488,5
1639665493,5
1639665498,5
1639665503,5
1639665508,5
1639665513,5
1639665518,5
1639665523,5
1639665528,5
1639665533,5
1639665538,5
1639665543,5
1639665548,5
1639665553,5
1639665558,5
1639665563,5
1639665568,5
1639665573,5
1639665578,5
1639665583,5
1639665588,5
1639665593,5
1639665598,5
1639665603,5
1639665608,5
1639665613,5
1639665618,5
1639665623,5
1639665628,5
1639665633,5
1639665638,5
1639665643,5
1639665648,5
1639665653,5
1639665658,5
1639665663,5
1639665668,5
1639665673,5
1639665678,5
1639665683,5
1639665688,5
1639665693,5
1639665698,5
1639665703,5
1639665708,5
1639665713,5
1639665718,5
1639665723,5
1639665728,5
1639665733,5
1639665738,5
1639665743,5
1639665748,5
1639665753,5
1639665758,5
1639665763,5
1639665768,5
1639665773,5
1639665778,5
1639665783,5
1639665788,5
1639665793,5
1639665798,5
1639665803,5
1639665808,5
1639665813,5
1639665818,5
1639665823,5
1639665829,5
1639665834,4
1639665839,4
1639665844,4
1639665849,4
1639665854,4
1639665859,4
1639665864,4
1639665869,4
1639665874,4
1639665879,4
1639665884,4
1639665889,4
1639665894,4
1639665899,4
1639665904,4
1639665909,4
1639665914,4
1639665919,4
1639665924,4
1639665929,4
1639665934,4
1639665939,4
1639665944,4
1639665949,4
1639665954,4
1639665959,4
1639665964,4
1639665969,4
1639665974,4
1639665979,4
1639665984,4
1639665989,4
1639665994,4
1639665999,4
1639666004,4
1639666009,4
1639666014,4
1639666019,4
1639666024,4
1639666029,4
1639666034,4
1639666039,4
1639666044,4
1639666049,4
1639666054,4
1639666059,4
1639666064,4
1639666069,4
1639666074,4
1639666079,4
1639666084,4
1639666089,4
1639666094,4
1639666099,4
1639666104,5
1639666109,5
1639666114,5
1639666119,5
1639666124,5
1639666129,5
1639666134,5
1639666139,5
1639666144,5
1639666149,5
1639666154,5
1639666159,5
1639666164,5
1639666169,5
1639666174,5
1639666179,5
1639666184,5
1639666189,5
1639666194,5
1639666199,5
1639666204,5
1639666209,5
1639666214,5
1639666219,5
1639666224,5
1639666229,5
1639666234,5
1639666239,5
1639666244,5
1639666249,5
1639666254,5
1639666259,5
1639666264,5
1639666269,5
1639666274,5
1639666279,5
1639666284,5
1639666289,5
1639666294,5
1639666299,5
1639666304,5
1639666309,5
1639666314,5
1639666319,5
1639666324,5
1639666329,5
1639666335,5
1639666340,5
1639666345,5
1639666350,5
1639666355,5
1639666360,5
1639666365,5
1639666370,5
1639666375,5
1639666380,5
1639666385,5
1639666390,5
1639666395,5
1639666400,5
1639666405,5
1639666410,5
1639666415,5
1639666420,5
1639666425,5
1639666430,5
1639666435,5
1639666440,5
1639666445,5
1639666450,5
1639666455,5
1639666460,5
1639666465,5
1639666470,5
1639666475,5
1639666480,5
1639666485,5
1639666490,5
1639666495,5
1639666500,5
1639666505,5
1639666510,5
1639666515,5
1639666520,5
1639666525,5
1639666530,5
1639666535,5
1639666540,5
1639666545,5
1639666550,5
1639666555,5
1639666560,5
1639666565,5
1639666570,5
1639666575,5
1639666580,5
1639666585,5
1639666590,5
1639666595,5
1639666600,5
1639666605,5
1639666610,5
1639666615,5
1639666620,5
1639666625,5
1639666630,5
1639666635,5
1639666640,5
1639666645,5
1639666650,5
