1639671737,2
1639671742,2
1639671747,2
1639671752,2
1639671757,2
1639671762,2
1639671767,2
1639671772,2
1639671777,2
1639671782,2
1639671787,2
1639671792,2
1639671797,2
1639671802,2
1639671807,2
1639671812,2
1639671817,2
1639671822,2
1639671827,2
1639671832,2
1639671837,2
1639671842,2
1639671847,2
1639671852,2
1639671857,2
1639671862,2
1639671867,2
1639671872,2
1639671877,2
1639671882,2
1639671887,2
1639671892,2
1639671897,2
1639671902,2
1639671907,2
1639671912,2
1639671918,2
1639671923,2
1639671928,2
1639671933,2
1639671938,2
1639671943,2
1639671948,2
1639671953,2
1639671958,2
1639671963,2
1639671968,2
1639671973,2
1639671978,2
1639671983,2
1639671988,2
1639671993,2
1639671998,2
1639672003,2
1639672008,2
1639672013,2
1639672018,2
1639672023,2
1639672028,2
1639672033,2
1639672038,2
1639672043,3
1639672048,3
1639672053,3
1639672058,3
1639672063,3
1639672068,3
1639672073,3
1639672078,3
1639672083,3
1639672088,3
1639672093,3
1639672098,3
1639672103,3
1639672108,3
1639672113,3
1639672118,3
1639672123,3
1639672128,3
1639672133,3
1639672138,3
1639672143,3
1639672148,3
1639672153,3
1639672158,3
1639672163,3
1639672168,3
1639672173,3
1639672178,3
1639672183,3
1639672188,3
1639672193,3
1639672198,3
1639672203,3
1639672208,3
1639672213,3
1639672218,3
1639672223,3
1639672228,3
1639672233,3
1639672238,3
1639672243,3
1639672248,3
1639672253,3
1639672258,3
1639672263,3
1639672268,3
1639672273,3
1639672278,3
1639672283,3
1639672288,3
1639672293,3
1639672298,3
1639672303,3
1639672308,3
1639672313,3
1639672318,3
1639672323,3
1639672328,3
1639672333,3
1639672338,3
1639672343,4
1639672348,4
1639672353,4
1639672358,4
1639672363,4
1639672368,4
1639672373,4
1639672378,4
1639672383,4
1639672388,4
1639672393,4
1639672398,4
1639672403,4
1639672408,4
1639672413,4
1639672418,4
1639672423,4
1639672428,4
1639672433,4
1639672438,4
1639672443,4
1639672448,4
1639672453,4
1639672458,4
1639672463,4
1639672469,4
1639672474,4
1639672479,4
1639672484,4
1639672489,4
1639672494,4
1639672499,4
1639672504,4
1639672509,4
1639672514,4
1639672519,4
1639672524,4
1639672529,4
1639672534,4
1639672539,4
1639672544,4
1639672549,4
1639672554,4
1639672559,4
1639672564,4
1639672569,4
1639672574,4
1639672579,4
1639672584,4
1639672589,4
1639672594,4
1639672599,4
1639672604,4
1639672609,4
1639672614,4
1639672619,4
1639672624,4
1639672629,4
1639672634,4
1639672639,4
1639672644,5
1639672649,5
1639672654,5
1639672659,5
1639672664,5
1639672669,5
1639672674,5
1639672679,5
1639672684,5
1639672689,5
1639672694,5
1639672699,5
1639672704,5
1639672709,5
1639672714,5
1639672719,5
1639672724,5
1639672729,5
1639672734,5
1639672739,5
1639672744,5
1639672749,5
1639672754,5
1639672759,5
1639672764,5
1639672769,5
1639672774,5
1639672779,5
1639672784,5
1639672789,5
1639672794,5
1639672799,5
1639672804,5
1639672809,5
1639672814,5
1639672819,5
1639672824,5
1639672829,5
1639672834,5
1639672839,5
1639672844,5
1639672849,5
1639672854,5
1639672859,5
1639672864,5
1639672869,5
1639672874,5
1639672879,5
1639672884,5
1639672889,5
1639672894,5
1639672899,5
1639672904,5
1639672909,5
1639672914,5
1639672919,5
1639672924,5
1639672929,5
1639672934,5
1639672939,5
1639672944,5
1639672949,5
1639672954,5
1639672959,5
1639672964,5
1639672969,5
1639672974,4
1639672979,4
1639672984,4
1639672989,4
1639672994,4
1639672999,4
1639673004,4
1639673009,4
1639673014,4
1639673019,4
1639673025,4
1639673030,4
1639673035,4
1639673040,4
1639673045,4
1639673050,4
1639673055,4
1639673060,4
1639673065,4
1639673070,4
1639673075,4
1639673080,4
1639673085,4
1639673090,4
1639673095,4
1639673100,4
1639673105,4
1639673110,4
1639673115,4
1639673120,4
1639673125,4
1639673130,4
1639673135,4
1639673140,4
1639673145,4
1639673150,4
1639673155,4
1639673160,4
1639673165,4
1639673170,4
1639673175,4
1639673180,4
1639673185,4
1639673190,4
1639673195,4
1639673200,4
1639673205,4
1639673210,4
1639673215,4
1639673220,4
1639673225,4
1639673230,4
1639673235,4
1639673240,4
1639673245,4
1639673250,4
1639673255,4
1639673260,4
1639673265,4
1639673270,4
1639673275,5
1639673280,5
1639673285,5
1639673290,5
1639673295,5
1639673300,5
1639673305,5
1639673310,5
1639673315,5
1639673320,5
1639673325,5
1639673330,5
1639673335,5
1639673340,5
1639673345,5
1639673350,5
1639673355,5
1639673360,5
1639673365,5
1639673370,5
1639673375,5
1639673380,5
1639673385,5
1639673390,5
1639673395,5
1639673400,5
1639673405,5
1639673410,5
1639673415,5
1639673420,5
1639673425,5
1639673430,5
1639673435,5
1639673440,5
1639673445,5
1639673450,5
1639673455,5
1639673460,5
1639673465,5
1639673470,5
1639673475,5
1639673480,5
1639673485,5
1639673490,5
1639673495,5
1639673500,5
1639673505,5
1639673510,5
1639673515,5
1639673520,5
1639673525,5
1639673530,5
1639673535,5
1639673540,5
1639673545,5
1639673550,5
1639673555,5
1639673560,5
1639673565,5
1639673570,5
1639673575,5
1639673581,5
1639673586,5
1639673591,5
1639673596,5
1639673601,5
1639673606,5
1639673611,5
1639673616,5
1639673621,5
1639673626,5
1639673631,5
1639673636,5
1639673641,5
1639673646,5
1639673651,5
1639673656,5
1639673661,5
1639673666,5
1639673671,5
1639673676,5
1639673681,5
1639673686,5
1639673691,6
1639673696,6
1639673701,6
1639673706,6
1639673711,6
1639673716,6
1639673721,6
1639673726,6
1639673731,6
1639673736,6
1639673741,6
1639673746,6
1639673751,6
1639673756,6
1639673761,6
1639673766,6
1639673771,6
1639673776,6
1639673781,6
1639673786,6
1639673791,6
1639673796,6
1639673801,6
1639673806,6
1639673811,6
1639673816,6
1639673821,6
1639673826,6
1639673831,6
1639673836,6
1639673841,6
1639673846,6
1639673851,6
1639673856,6
1639673861,6
1639673866,6
1639673871,6
1639673876,6
1639673881,6
1639673886,6
1639673891,6
1639673896,6
1639673901,6
1639673906,6
1639673911,6
1639673916,6
1639673921,6
1639673926,6
1639673931,6
1639673936,6
1639673941,6
1639673946,6
1639673951,6
1639673956,6
1639673961,6
1639673966,6
1639673971,6
1639673976,6
1639673981,6
1639673986,6
1639673991,6
1639673996,6
1639674001,6
1639674006,6
1639674011,6
1639674016,6
1639674021,6
1639674026,6
1639674031,6
1639674036,6
1639674041,6
1639674046,6
1639674051,6
1639674056,6
1639674061,6
1639674066,6
1639674071,6
1639674076,6
1639674081,6
1639674086,6
1639674091,6
1639674096,6
1639674101,6
1639674106,6
1639674112,6
1639674117,6
1639674122,6
1639674127,6
1639674132,6
1639674137,6
1639674142,5
1639674147,5
1639674152,5
1639674157,5
1639674162,5
1639674167,5
1639674172,5
1639674177,5
1639674182,5
1639674187,5
1639674192,5
1639674197,5
1639674202,5
1639674207,5
1639674212,5
1639674217,5
1639674222,5
1639674227,5
1639674232,5
1639674237,5
1639674242,5
1639674247,5
1639674252,5
1639674257,5
1639674262,5
1639674267,5
1639674272,5
1639674277,5
1639674282,5
1639674287,5
1639674292,5
1639674297,5
1639674302,5
1639674307,5
1639674312,5
1639674317,5
1639674322,5
1639674327,5
1639674332,5
1639674337,5
1639674342,5
1639674347,5
1639674352,5
1639674357,5
1639674362,5
1639674367,5
1639674372,5
1639674377,5
1639674382,5
1639674387,5
1639674392,5
1639674397,5
1639674402,5
1639674407,5
1639674412,5
1639674417,5
1639674422,5
1639674427,5
1639674432,5
1639674437,5
1639674442,5
1639674447,5
1639674452,5
1639674457,5
1639674462,5
1639674467,5
1639674472,5
1639674477,5
1639674482,5
1639674487,5
1639674492,5
1639674497,5
1639674502,5
1639674507,5
1639674512,5
1639674517,5
1639674522,5
1639674527,5
1639674532,5
1639674537,5
1639674542,5
1639674547,5
1639674552,5
1639674557,5
1639674562,4
1639674567,4
1639674572,4
1639674577,4
1639674582,4
1639674587,4
1639674592,4
1639674597,4
1639674602,4
1639674607,4
1639674612,4
1639674617,4
1639674622,4
1639674627,4
1639674632,4
1639674637,4
1639674642,4
1639674647,4
1639674652,4
1639674657,4
1639674662,4
1639674667,4
1639674672,4
1639674678,4
1639674683,4
1639674688,4
1639674693,4
1639674698,4
1639674703,4
1639674708,4
1639674713,4
1639674718,4
1639674723,4
1639674728,4
1639674733,4
1639674738,4
1639674743,4
1639674748,4
1639674753,4
1639674758,4
1639674763,4
1639674768,4
1639674773,4
1639674778,4
1639674783,4
1639674788,4
1639674793,4
1639674798,4
1639674803,4
1639674808,4
1639674813,4
1639674818,4
1639674823,4
1639674828,4
1639674833,4
1639674838,4
1639674843,4
1639674848,4
1639674853,4
1639674858,4
1639674863,4
1639674868,4
1639674873,4
1639674878,4
1639674883,4
1639674888,4
1639674893,4
1639674898,4
1639674903,4
1639674908,4
1639674913,4
1639674918,4
1639674923,4
1639674928,4
1639674933,4
1639674938,4
1639674943,4
1639674948,4
1639674953,3
1639674958,3
1639674963,3
1639674968,3
1639674973,3
1639674978,3
1639674983,3
1639674988,3
1639674993,3
1639674998,3
1639675003,3
1639675008,3
1639675013,3
1639675018,3
1639675023,3
1639675028,3
1639675033,3
1639675038,3
1639675043,3
1639675048,3
1639675053,3
1639675058,3
1639675063,3
1639675068,3
1639675073,3
1639675078,3
1639675083,3
1639675088,3
1639675093,3
1639675098,3
1639675103,3
1639675108,3
1639675113,3
1639675118,3
1639675123,3
1639675128,3
1639675133,3
1639675138,3
1639675143,3
1639675148,3
1639675153,3
1639675158,3
1639675163,3
1639675168,3
1639675173,3
1639675178,3
1639675183,3
1639675188,3
1639675193,3
1639675199,3
1639675204,3
1639675209,3
1639675214,3
1639675219,3
1639675224,3
1639675229,3
1639675234,3
1639675239,3
1639675244,3
1639675249,3
1639675254,4
1639675259,4
1639675264,4
1639675269,4
1639675274,4
1639675279,4
1639675284,4
1639675289,4
1639675294,4
1639675299,4
1639675304,4
1639675309,4
1639675314,4
1639675319,4
1639675324,4
1639675329,4
1639675334,4
1639675339,4
1639675344,4
1639675349,4
1639675354,4
1639675359,4
1639675364,4
1639675369,4
1639675374,4
1639675379,4
1639675384,4
1639675389,4
1639675394,4
1639675399,4
1639675404,4
1639675409,4
1639675414,4
1639675419,4
1639675424,4
1639675429,4
1639675434,4
1639675439,4
1639675444,4
1639675449,4
1639675454,4
1639675459,4
1639675464,4
1639675469,4
1639675474,4
1639675479,4
1639675484,4
1639675489,4
1639675494,4
1639675499,4
1639675504,4
1639675509,4
1639675514,4
1639675519,4
1639675524,4
1639675529,4
1639675534,4
1639675539,4
1639675544,4
1639675549,4
1639675554,5
1639675559,5
1639675564,5
1639675569,5
1639675574,5
1639675579,5
1639675584,5
1639675589,5
1639675594,5
1639675599,5
1639675604,5
1639675609,5
1639675614,5
1639675619,5
1639675624,5
1639675629,5
1639675634,5
1639675639,5
1639675644,5
1639675649,5
1639675654,5
1639675659,5
1639675664,5
1639675669,5
1639675674,5
1639675679,5
1639675684,5
1639675689,5
1639675694,5
1639675699,5
1639675704,5
1639675709,5
1639675714,5
1639675719,5
1639675724,5
1639675729,5
1639675734,5
1639675739,5
1639675745,5
1639675750,5
1639675755,5
1639675760,5
1639675765,5
1639675770,5
1639675775,5
1639675780,5
1639675785,5
1639675790,5
1639675795,5
1639675800,5
1639675805,5
1639675810,5
1639675815,5
1639675820,5
1639675825,5
1639675830,5
1639675835,5
1639675840,5
1639675845,5
1639675850,5
1639675855,5
1639675860,5
1639675865,5
1639675870,5
1639675875,5
1639675880,5
1639675885,5
1639675890,5
1639675895,5
1639675900,5
1639675905,5
1639675910,5
1639675915,5
1639675920,5
1639675925,5
1639675930,5
1639675935,5
1639675940,5
1639675945,5
1639675950,5
1639675955,5
1639675960,5
1639675965,5
1639675970,5
1639675975,5
1639675980,5
1639675985,5
1639675990,5
1639675995,5
1639676000,5
1639676005,4
1639676010,4
1639676015,4
1639676020,4
1639676025,4
1639676030,4
1639676035,4
1639676040,4
1639676045,4
1639676050,4
1639676055,4
1639676060,4
1639676065,4
1639676070,4
1639676075,4
1639676080,4
1639676085,4
1639676090,4
1639676095,4
1639676100,4
1639676105,4
1639676110,4
1639676115,4
1639676120,4
1639676125,4
1639676130,4
1639676135,4
1639676140,4
1639676145,4
1639676150,4
1639676155,4
1639676160,4
1639676165,4
1639676170,4
1639676175,4
1639676180,4
1639676185,4
1639676190,4
1639676195,4
1639676200,4
1639676205,4
1639676210,4
1639676215,4
1639676220,4
1639676225,4
1639676230,4
1639676235,4
1639676240,4
1639676245,4
1639676250,4
1639676255,4
1639676260,4
1639676265,4
1639676270,4
1639676276,4
1639676281,4
1639676286,4
1639676291,4
1639676296,4
1639676301,3
1639676306,3
1639676311,3
1639676316,3
1639676321,3
1639676326,3
1639676331,3
1639676336,3
1639676341,3
1639676346,3
1639676351,3
1639676356,3
1639676361,3
1639676366,3
1639676371,3
1639676376,3
1639676381,3
1639676386,3
1639676391,3
1639676396,3
1639676401,3
1639676406,3
1639676411,3
1639676416,3
1639676421,3
1639676426,3
1639676431,3
1639676436,3
1639676441,3
1639676446,3
1639676451,3
1639676456,3
1639676461,3
1639676466,3
1639676471,3
1639676476,3
1639676481,3
1639676486,3
1639676491,3
1639676496,3
1639676501,3
1639676506,3
1639676511,3
1639676516,3
1639676521,3
1639676526,3
1639676531,3
1639676536,3
1639676541,3
1639676546,3
1639676551,3
1639676556,3
1639676561,3
1639676566,3
1639676571,3
1639676576,3
1639676581,3
1639676586,3
1639676591,3
1639676596,3
1639676601,4
1639676606,4
1639676611,4
1639676616,4
1639676621,4
1639676626,4
1639676631,4
1639676636,4
1639676641,4
1639676646,4
1639676651,4
1639676656,4
1639676661,4
1639676666,4
1639676671,4
1639676676,4
1639676681,4
1639676686,4
1639676691,4
1639676696,4
1639676701,4
1639676706,4
1639676711,4
1639676716,4
1639676721,4
1639676726,4
1639676731,4
1639676736,4
1639676741,4
1639676746,4
1639676751,4
1639676756,4
1639676761,4
1639676766,4
1639676771,4
1639676776,4
1639676781,4
1639676786,4
1639676791,4
1639676796,4
1639676801,4
1639676806,4
1639676811,4
1639676817,4
1639676822,4
1639676827,4
1639676832,4
1639676837,4
1639676842,4
1639676847,4
1639676852,4
1639676857,4
1639676862,4
1639676867,4
1639676872,4
1639676877,4
1639676882,4
1639676887,4
1639676892,4
1639676897,4
1639676902,4
1639676907,4
1639676912,4
1639676917,4
1639676922,4
1639676927,4
1639676932,5
1639676937,5
1639676942,5
1639676947,5
1639676952,5
1639676957,5
1639676962,5
1639676967,5
1639676972,5
1639676977,5
1639676982,5
1639676987,5
1639676992,5
1639676997,5
1639677002,5
1639677007,5
1639677012,5
1639677017,5
1639677022,5
1639677027,5
1639677032,5
1639677037,5
1639677042,5
1639677047,5
1639677052,5
1639677057,5
1639677062,5
1639677067,5
1639677072,5
1639677077,5
1639677082,5
1639677087,5
1639677092,5
1639677097,5
1639677102,5
1639677107,5
1639677112,5
1639677117,5
1639677122,5
1639677127,5
1639677132,5
1639677137,5
1639677142,5
1639677147,5
1639677152,5
1639677157,5
1639677162,5
1639677167,5
1639677172,5
1639677177,5
1639677182,5
1639677187,5
1639677192,5
1639677197,5
1639677202,5
1639677207,5
1639677212,5
1639677217,5
1639677222,5
1639677227,5
1639677232,6
1639677237,6
1639677242,6
1639677247,6
1639677252,6
1639677257,6
1639677262,6
1639677267,6
1639677272,6
1639677277,6
1639677282,6
1639677287,6
1639677292,6
1639677297,6
1639677302,6
1639677307,6
1639677312,6
1639677317,6
1639677322,6
1639677327,6
1639677333,6
1639677338,6
1639677343,6
1639677348,6
1639677353,6
1639677358,6
1639677363,6
1639677368,6
1639677373,6
1639677378,6
1639677383,6
1639677388,6
1639677393,6
1639677398,6
1639677403,6
1639677408,6
1639677413,6
1639677418,6
1639677423,6
1639677428,6
1639677433,6
1639677438,6
1639677443,6
1639677448,6
1639677453,6
1639677458,6
1639677463,6
1639677468,6
1639677473,6
1639677478,6
1639677483,6
1639677488,6
1639677493,6
1639677498,6
1639677503,6
1639677508,6
1639677513,6
1639677518,6
1639677523,6
1639677528,6
1639677533,5
1639677538,5
1639677543,5
1639677548,5
1639677553,5
1639677558,5
1639677563,5
1639677568,5
1639677573,5
1639677578,5
1639677583,5
1639677588,5
1639677593,5
1639677598,5
1639677603,5
1639677608,5
1639677613,5
1639677618,5
1639677623,5
1639677628,5
1639677633,5
1639677638,5
1639677643,5
1639677648,5
1639677653,5
1639677658,5
1639677663,5
1639677668,5
1639677673,5
1639677678,5
1639677683,5
1639677688,5
1639677693,5
1639677698,5
1639677703,5
1639677708,5
1639677713,5
1639677718,5
1639677723,5
1639677728,5
1639677733,5
1639677738,5
1639677743,5
1639677748,5
1639677753,5
1639677758,5
1639677763,5
1639677768,5
1639677773,5
1639677778,5
1639677783,5
1639677788,5
1639677793,5
1639677798,5
1639677803,5
1639677808,5
1639677813,5
1639677818,5
1639677823,5
1639677828,5
1639677833,5
1639677838,5
1639677843,5
1639677849,5
1639677854,5
1639677859,5
1639677864,5
1639677869,5
1639677874,5
1639677879,5
1639677884,5
1639677889,5
1639677894,5
1639677899,5
1639677904,5
1639677909,5
1639677914,5
1639677919,5
1639677924,5
1639677929,5
1639677934,5
1639677939,5
1639677944,5
1639677949,5
1639677954,4
1639677959,4
1639677964,4
1639677969,4
1639677974,4
1639677979,4
1639677984,4
1639677989,4
1639677994,4
1639677999,4
1639678004,4
1639678009,4
1639678014,4
1639678019,4
1639678024,4
1639678029,4
1639678034,4
1639678039,4
1639678044,4
1639678049,4
1639678054,4
1639678059,4
1639678064,4
1639678069,4
1639678074,4
1639678079,4
1639678084,4
1639678089,4
1639678094,4
1639678099,4
1639678104,4
1639678109,4
1639678114,4
1639678119,4
1639678124,4
1639678129,4
1639678134,4
1639678139,4
1639678144,4
1639678149,4
1639678154,4
1639678159,4
1639678164,4
1639678169,4
1639678174,4
1639678179,4
1639678184,4
1639678189,4
1639678194,4
1639678199,4
1639678204,4
1639678209,4
1639678214,4
1639678219,4
1639678224,4
1639678229,4
1639678234,4
1639678239,4
1639678244,4
1639678249,4
1639678254,4
1639678259,4
1639678264,4
1639678269,4
1639678274,4
1639678279,4
1639678284,4
1639678289,4
1639678294,4
1639678299,4
1639678304,4
1639678309,4
1639678314,4
1639678319,4
1639678324,4
1639678329,4
1639678334,4
1639678339,4
1639678344,3
1639678349,3
1639678354,3
1639678359,3
1639678364,3
1639678369,3
1639678374,3
1639678379,3
1639678384,3
1639678390,3
1639678395,3
1639678400,3
1639678405,3
1639678410,3
1639678415,3
1639678420,3
1639678425,3
1639678430,3
1639678435,3
1639678440,3
1639678445,3
1639678450,3
1639678455,3
1639678460,3
1639678465,3
1639678470,3
1639678475,3
1639678480,3
1639678485,3
1639678490,3
1639678495,3
1639678500,3
1639678505,3
1639678510,3
1639678515,3
1639678520,3
1639678525,3
1639678530,3
1639678535,3
1639678540,3
1639678545,3
1639678550,3
1639678555,3
1639678560,3
1639678565,3
1639678570,3
1639678575,3
1639678580,3
1639678585,3
1639678590,3
1639678595,3
1639678600,3
1639678605,3
1639678610,3
1639678615,3
1639678620,3
1639678625,3
1639678630,3
1639678635,3
1639678640,3
1639678645,3
1639678650,3
1639678655,3
1639678660,3
1639678665,3
1639678670,3
1639678675,3
1639678680,3
1639678685,3
1639678690,3
1639678695,3
1639678700,3
1639678705,3
1639678710,3
1639678715,3
1639678720,3
1639678725,3
1639678730,3
1639678735,3
1639678740,3
1639678745,3
1639678750,3
1639678755,3
1639678760,3
1639678765,2
1639678770,2
1639678775,2
1639678780,2
1639678785,2
1639678790,2
1639678795,2
1639678800,2
1639678805,2
1639678810,2
1639678815,2
1639678820,2
1639678825,2
1639678830,2
1639678835,2
1639678840,2
1639678845,2
1639678850,2
1639678855,2
1639678860,2
1639678865,2
1639678870,2
1639678875,2
1639678880,2
1639678885,2
1639678890,2
1639678895,2
1639678900,2
1639678905,2
1639678910,2
1639678915,2
1639678920,2
1639678925,2
1639678930,2
1639678935,2
1639678941,2
1639678946,2
1639678951,2
1639678956,2
1639678961,2
1639678966,2
1639678971,2
1639678976,2
1639678981,2
1639678986,2
1639678991,2
1639678996,2
1639679001,2
1639679006,2
1639679011,2
1639679016,2
1639679021,2
1639679026,2
1639679031,2
1639679036,2
1639679041,2
1639679046,2
1639679051,2
1639679056,2
1639679061,3
1639679066,3
1639679071,3
1639679076,3
1639679081,3
1639679086,3
1639679091,3
1639679096,3
1639679101,3
1639679106,3
1639679111,3
1639679116,3
1639679121,3
1639679126,3
1639679131,3
1639679136,3
1639679141,3
1639679146,3
1639679151,3
1639679156,3
1639679161,3
1639679166,3
1639679171,3
1639679176,3
1639679181,3
1639679186,3
1639679191,3
1639679196,3
1639679201,3
1639679206,3
1639679211,3
1639679216,3
1639679221,3
1639679226,3
1639679231,3
1639679236,3
1639679241,3
1639679246,3
1639679251,3
1639679256,3
1639679261,3
1639679266,3
1639679271,3
1639679276,3
1639679281,3
1639679286,3
1639679291,3
1639679296,3
1639679301,3
1639679306,3
1639679311,3
1639679316,3
1639679321,3
1639679326,3
1639679331,3
1639679336,3
1639679341,3
1639679346,3
1639679351,3
1639679356,3
1639679361,3
1639679366,3
1639679371,3
1639679376,3
1639679381,3
1639679386,3
1639679391,3
1639679396,3
1639679401,3
1639679406,3
1639679411,3
1639679416,3
1639679421,4
1639679426,4
1639679431,4
1639679436,4
1639679442,4
1639679447,4
1639679452,4
1639679457,4
1639679462,4
1639679467,4
1639679472,4
1639679477,4
1639679482,4
1639679487,4
1639679492,4
1639679497,4
1639679502,4
1639679507,4
1639679512,4
1639679517,4
1639679522,4
1639679527,4
1639679532,4
1639679537,4
1639679542,4
1639679547,4
1639679552,4
1639679557,4
1639679562,4
1639679567,4
1639679572,4
1639679577,4
1639679582,4
1639679587,4
1639679592,4
1639679597,4
1639679602,4
1639679607,4
1639679612,4
1639679617,4
1639679622,4
1639679627,4
1639679632,4
1639679637,4
1639679642,4
1639679647,4
1639679652,4
1639679657,4
1639679662,4
1639679667,4
1639679672,4
1639679677,4
1639679682,4
1639679687,4
1639679692,4
1639679697,4
1639679702,4
1639679707,4
1639679712,4
1639679717,4
1639679722,4
1639679727,4
1639679732,4
1639679737,4
1639679742,4
1639679747,4
1639679752,5
1639679757,5
1639679762,5
1639679767,5
1639679772,5
1639679777,5
1639679782,5
1639679787,5
1639679792,5
1639679797,5
1639679802,5
1639679807,5
1639679812,5
1639679817,5
1639679822,5
1639679827,5
1639679832,5
1639679837,5
1639679842,5
1639679847,5
1639679852,5
1639679857,5
1639679862,5
1639679867,5
1639679872,5
1639679877,5
1639679882,5
1639679887,5
1639679892,5
1639679897,5
1639679902,5
1639679907,5
1639679912,5
1639679917,5
1639679922,5
1639679927,5
1639679932,5
1639679937,5
1639679942,5
1639679947,5
1639679952,5
1639679957,5
1639679962,5
1639679967,5
1639679972,5
1639679977,5
1639679982,5
1639679987,5
1639679992,5
1639679997,5
1639680002,5
1639680008,5
1639680013,5
1639680018,5
1639680023,5
1639680028,5
1639680033,5
1639680038,5
1639680043,5
1639680048,5
1639680053,5
1639680058,5
1639680063,5
1639680068,5
1639680073,5
1639680078,5
1639680083,5
1639680088,5
1639680093,5
1639680098,5
1639680103,5
1639680108,5
1639680113,5
1639680118,5
1639680123,5
1639680128,5
1639680133,5
1639680138,5
1639680143,5
1639680148,5
1639680153,5
1639680158,5
1639680163,5
1639680168,5
1639680173,4
1639680178,4
1639680183,4
1639680188,4
1639680193,4
1639680198,4
1639680203,4
1639680208,4
1639680213,4
1639680218,4
1639680223,4
1639680228,4
1639680233,4
1639680238,4
1639680243,4
1639680248,4
1639680253,4
1639680258,4
1639680263,4
1639680268,4
1639680273,4
1639680278,4
1639680283,4
1639680288,4
1639680293,4
1639680298,4
1639680303,4
1639680308,4
1639680313,4
1639680318,4
1639680323,4
1639680328,4
1639680333,4
1639680338,4
1639680343,4
1639680348,4
1639680353,4
1639680358,4
1639680363,4
1639680368,4
1639680373,4
1639680378,4
1639680383,4
1639680388,4
1639680393,4
1639680398,4
1639680403,4
1639680408,4
1639680413,4
1639680418,4
1639680423,4
1639680428,4
1639680433,4
1639680438,4
1639680443,4
1639680448,4
1639680453,4
1639680458,4
1639680463,4
1639680468,4
1639680473,4
1639680478,4
1639680483,4
1639680488,4
1639680493,4
1639680498,4
1639680503,4
1639680508,4
1639680513,4
1639680518,4
1639680523,4
1639680528,4
1639680533,4
1639680539,4
1639680544,4
1639680549,4
1639680554,4
1639680559,4
1639680564,4
1639680569,4
1639680574,4
1639680579,4
1639680584,4
1639680589,4
1639680594,3
1639680599,3
1639680604,3
1639680609,3
1639680614,3
1639680619,3
1639680624,3
1639680629,3
1639680634,3
1639680639,3
1639680644,3
1639680649,3
1639680654,3
1639680659,3
1639680664,3
1639680669,3
1639680674,3
1639680679,3
1639680684,3
1639680689,3
1639680694,3
1639680699,3
1639680704,3
1639680709,3
1639680714,3
1639680719,3
1639680724,3
1639680729,3
1639680734,3
1639680739,3
1639680744,3
1639680749,3
1639680754,3
1639680759,3
1639680764,3
1639680769,3
1639680774,3
1639680779,3
1639680784,3
1639680789,3
1639680794,3
1639680799,3
1639680804,3
1639680809,3
1639680814,3
1639680819,3
1639680824,3
1639680829,3
1639680834,3
1639680839,3
1639680844,3
1639680849,3
1639680854,3
1639680859,3
1639680864,4
1639680869,4
1639680874,4
1639680879,4
1639680884,4
1639680889,4
1639680894,4
1639680899,4
1639680904,4
1639680909,4
1639680914,4
1639680919,4
1639680924,4
1639680929,4
1639680934,4
1639680939,4
1639680944,4
1639680949,4
1639680954,4
1639680959,4
1639680964,4
1639680969,4
1639680974,4
1639680979,4
1639680984,4
1639680989,4
1639680994,4
1639680999,4
1639681004,4
1639681009,4
1639681014,4
1639681019,4
1639681024,4
1639681029,4
1639681035,4
1639681040,4
1639681045,4
1639681050,4
1639681055,4
1639681060,4
1639681065,4
1639681070,4
1639681075,4
1639681080,4
1639681085,4
1639681090,4
1639681095,4
1639681100,4
1639681105,4
1639681110,4
1639681115,4
1639681120,4
1639681125,4
1639681130,4
1639681135,4
1639681140,4
1639681145,4
1639681150,4
1639681155,4
1639681160,4
1639681165,4
1639681170,4
1639681175,4
1639681180,4
1639681185,4
1639681190,4
1639681195,3
1639681200,3
1639681205,3
1639681210,3
1639681215,3
1639681220,3
1639681225,3
1639681230,3
1639681235,3
1639681240,3
1639681245,3
1639681250,3
1639681255,3
1639681260,3
1639681265,3
1639681270,3
1639681275,3
1639681280,3
1639681285,3
1639681290,3
1639681295,3
1639681300,3
1639681305,3
1639681310,3
1639681315,3
1639681320,3
1639681325,3
1639681330,3
1639681335,3
1639681340,3
1639681345,3
1639681350,3
1639681355,3
1639681360,3
1639681365,3
1639681370,3
1639681375,3
1639681380,3
1639681385,3
1639681390,3
1639681395,3
1639681400,3
1639681405,3
1639681410,3
1639681415,3
1639681420,3
1639681425,3
1639681430,3
1639681435,3
1639681440,3
1639681445,3
1639681450,3
1639681455,3
1639681460,3
1639681465,3
1639681470,3
1639681475,3
1639681480,3
1639681485,3
1639681490,3
1639681495,2
1639681500,2
1639681505,2
1639681510,2
1639681515,2
1639681520,2
1639681525,2
1639681530,2
1639681535,2
1639681540,2
1639681545,2
1639681550,2
1639681555,2
1639681560,2
1639681565,2
1639681571,2
1639681576,2
1639681581,2
1639681586,2
1639681591,2
1639681596,2
1639681601,2
1639681606,2
1639681611,2
1639681616,2
1639681621,2
1639681626,2
1639681631,2
1639681636,2
1639681641,2
1639681646,2
1639681651,2
1639681656,2
1639681661,2
1639681666,2
1639681671,2
1639681676,2
1639681681,2
1639681686,2
1639681691,2
1639681696,2
1639681701,2
1639681706,2
1639681711,2
1639681716,2
1639681721,2
1639681726,2
1639681731,2
1639681736,2
1639681741,2
1639681746,2
1639681751,2
1639681756,2
1639681761,2
1639681766,2
1639681771,2
1639681776,2
1639681781,2
1639681786,2
1639681791,1
1639681796,1
1639681801,1
1639681806,1
1639681811,1
1639681816,1
1639681821,1
1639681826,1
1639681831,1
1639681836,1
1639681841,1
1639681846,1
1639681851,1
1639681856,1
1639681861,1
1639681866,1
1639681871,1
1639681876,1
1639681881,1
1639681886,1
1639681891,1
1639681896,1
1639681901,1
1639681906,1
1639681911,1
1639681916,1
1639681921,1
1639681926,1
1639681931,1
1639681936,1
1639681941,1
1639681946,1
1639681951,1
1639681956,1
1639681961,1
1639681966,1
1639681971,1
1639681976,1
1639681981,1
1639681986,1
1639681991,1
1639681996,1
1639682001,1
1639682006,1
1639682011,1
1639682016,1
1639682021,1
1639682026,1
1639682031,1
1639682036,1
1639682041,1
1639682046,1
1639682051,1
1639682056,1
1639682061,1
1639682066,1
1639682071,1
1639682076,1
1639682081,1
1639682086,1
1639682091,1
1639682096,1
1639682101,1
1639682106,1
1639682111,1
1639682117,1
1639682122,1
1639682127,1
1639682132,1
1639682137,1
1639682142,1
1639682147,1
1639682152,1
1639682157,1
1639682162,1
1639682167,1
1639682172,1
1639682177,1
1639682182,1
1639682187,1
1639682192,1
1639682197,1
1639682202,1
1639682207,1
1639682212,1
1639682217,1
1639682222,1
1639682227,1
1639682232,1
1639682237,1
1639682242,1
1639682247,1
1639682252,1
1639682257,1
1639682262,1
1639682267,1
1639682272,1
1639682277,1
1639682282,1
1639682287,1
1639682292,1
1639682297,1
1639682302,1
1639682307,1
1639682312,1
1639682317,1
1639682322,1
1639682327,1
1639682332,1
1639682337,1
1639682342,1
1639682347,1
1639682352,1
1639682357,1
1639682362,1
1639682367,1
1639682372,1
1639682377,1
1639682382,1
1639682387,1
1639682392,1
1639682397,1
1639682402,1
1639682407,1
1639682412,1
1639682417,1
1639682422,1
1639682427,1
1639682432,1
1639682437,1
1639682442,1
1639682447,1
1639682452,1
1639682457,1
1639682462,1
1639682467,1
1639682472,1
1639682477,1
1639682482,1
1639682487,1
1639682492,1
1639682497,1
1639682502,1
1639682507,1
1639682512,1
1639682517,1
1639682522,1
1639682527,1
1639682532,1
1639682537,1
1639682542,1
1639682547,1
1639682552,1
1639682557,1
1639682562,1
1639682567,1
1639682572,1
1639682577,1
1639682582,1
1639682587,1
1639682592,1
1639682597,1
1639682602,1
1639682607,1
1639682612,1
1639682617,1
1639682622,1
1639682627,1
1639682632,1
1639682637,1
1639682642,1
1639682647,1
1639682652,1
1639682657,1
1639682662,1
1639682667,1
1639682673,1
1639682678,1
1639682683,1
1639682688,1
1639682693,1
1639682698,1
1639682703,1
1639682708,1
1639682713,1
1639682718,1
1639682723,1
1639682728,1
1639682733,1
1639682738,1
1639682743,1
1639682748,1
1639682753,1
1639682758,1
1639682763,1
1639682768,1
1639682773,1
1639682778,1
1639682783,1
1639682788,1
1639682793,1
1639682798,1
1639682803,1
1639682808,1
1639682813,1
1639682818,1
1639682823,1
1639682828,1
1639682833,1
1639682838,1
1639682843,1
1639682848,1
1639682853,1
1639682858,1
1639682863,1
1639682868,1
1639682873,1
1639682878,1
1639682883,1
1639682888,1
1639682893,1
1639682898,1
1639682903,1
1639682908,1
1639682913,1
1639682918,1
1639682923,1
1639682928,1
1639682933,1
1639682938,1
1639682943,1
1639682948,1
1639682953,1
1639682958,1
1639682963,1
1639682968,1
1639682973,1
1639682978,1
1639682983,1
1639682988,1
1639682993,1
1639682998,1
1639683003,1
1639683008,1
1639683013,1
1639683018,1
1639683023,1
1639683028,1
1639683033,1
1639683038,1
1639683043,1
1639683048,1
1639683053,1
1639683058,1
1639683063,1
1639683068,1
1639683073,1
1639683078,1
1639683083,1
1639683088,1
1639683093,1
1639683098,1
1639683103,1
1639683108,1
1639683113,1
1639683118,1
1639683123,1
1639683128,1
1639683133,1
1639683138,1
1639683143,1
1639683148,1
1639683153,1
1639683158,1
1639683163,1
1639683168,1
1639683173,1
1639683178,1
1639683183,1
1639683188,1
1639683193,1
1639683198,1
1639683203,1
1639683208,1
1639683213,1
1639683218,1
1639683223,1
1639683228,1
1639683233,1
1639683238,1
1639683244,1
1639683249,1
1639683254,1
1639683259,1
1639683264,1
1639683269,1
1639683274,1
1639683279,1
1639683284,1
1639683289,1
1639683294,1
1639683299,1
1639683304,1
1639683309,1
1639683314,1
1639683319,1
1639683324,1
1639683329,1
1639683334,1
1639683339,1
1639683344,1
1639683349,1
1639683354,1
1639683359,1
1639683364,1
1639683369,1
1639683374,1
1639683379,1
1639683384,1
1639683389,1
1639683394,1
1639683399,1
1639683404,1
1639683409,1
1639683414,1
1639683419,1
1639683424,1
1639683429,1
1639683434,1
1639683439,1
1639683444,1
1639683449,1
1639683454,1
1639683459,1
1639683464,1
1639683469,1
1639683474,1
1639683479,1
1639683484,1
1639683489,1
1639683494,1
1639683499,1
1639683504,1
1639683509,1
1639683514,1
1639683519,1
1639683524,1
1639683529,1
1639683534,1
1639683539,1
1639683544,1
1639683549,1
1639683554,1
1639683559,1
1639683564,1
1639683569,1
1639683574,1
1639683579,1
1639683584,1
1639683589,1
1639683594,1
1639683599,1
1639683604,1
1639683609,1
1639683614,1
1639683619,1
1639683624,1
1639683629,1
1639683634,1
1639683639,1
1639683644,1
1639683649,1
1639683654,1
1639683659,1
1639683664,1
1639683669,1
1639683674,1
1639683679,1
1639683684,1
1639683689,1
1639683694,1
1639683699,1
1639683704,1
1639683709,1
1639683714,1
1639683719,1
1639683724,1
1639683729,1
1639683734,1
1639683739,1
1639683744,1
1639683749,1
1639683754,1
1639683759,1
1639683764,1
1639683769,1
1639683774,1
1639683779,1
1639683784,1
1639683789,1
1639683794,1
1639683800,1
1639683805,1
1639683810,1
1639683815,1
1639683820,1
1639683825,1
1639683830,1
1639683835,1
1639683840,1
1639683845,1
1639683850,1
1639683855,1
1639683860,1
1639683865,1
1639683870,1
1639683875,1
1639683880,1
1639683885,1
1639683890,1
1639683895,1
1639683900,1
1639683905,1
1639683910,1
1639683915,1
1639683920,1
1639683925,1
1639683930,1
1639683935,1
1639683940,1
1639683945,1
1639683950,1
1639683955,1
1639683960,1
1639683965,1
1639683970,1
1639683975,1
1639683980,1
1639683985,1
1639683990,1
1639683995,1
1639684000,1
1639684005,1
1639684010,1
1639684015,1
1639684020,1
1639684025,1
1639684030,1
1639684035,1
1639684040,1
1639684045,1
1639684050,1
1639684055,1
1639684060,1
1639684065,1
1639684070,1
1639684075,1
1639684080,1
1639684085,1
1639684090,1
1639684095,1
1639684100,1
1639684105,1
1639684110,1
1639684115,1
1639684120,1
1639684125,1
1639684130,1
1639684135,1
1639684140,1
1639684145,1
1639684150,1
1639684155,1
1639684160,1
1639684165,1
1639684170,1
1639684175,1
1639684180,1
1639684185,1
1639684190,1
1639684195,1
1639684200,1
1639684205,1
1639684210,1
1639684215,1
1639684220,1
1639684225,1
1639684230,1
1639684235,1
1639684240,1
1639684245,1
1639684250,1
1639684255,1
1639684260,1
1639684265,1
1639684270,1
1639684275,1
1639684280,1
1639684285,1
1639684290,1
1639684295,1
1639684300,1
1639684305,1
1639684310,1
1639684315,1
1639684320,1
1639684325,1
1639684330,1
1639684335,1
1639684341,1
1639684346,1
1639684351,1
1639684356,1
1639684361,1
1639684366,1
1639684371,1
1639684376,1
1639684381,1
1639684386,1
1639684391,1
1639684396,1
1639684401,1
1639684406,1
1639684411,1
1639684416,1
1639684421,1
1639684426,1
1639684431,1
1639684436,1
1639684441,1
1639684446,1
1639684451,1
1639684456,1
1639684461,1
1639684466,1
1639684471,1
1639684476,1
1639684481,1
1639684486,1
1639684491,1
1639684496,1
1639684501,1
1639684506,1
1639684511,1
1639684516,1
1639684521,1
1639684526,1
1639684531,1
1639684536,1
1639684541,1
1639684546,1
1639684551,1
1639684556,1
1639684561,1
1639684566,1
1639684571,1
1639684576,1
1639684581,1
1639684586,1
1639684591,1
1639684596,1
1639684601,1
1639684606,1
1639684611,1
1639684616,1
1639684621,1
1639684626,1
1639684631,1
1639684636,1
1639684641,1
1639684646,1
1639684651,1
1639684656,1
1639684661,1
1639684666,1
1639684671,1
1639684676,1
1639684681,1
1639684686,1
1639684691,1
1639684696,1
1639684701,1
1639684706,1
1639684711,1
1639684716,1
1639684721,1
1639684726,1
1639684731,1
1639684736,1
1639684741,1
1639684746,1
1639684751,1
1639684756,1
1639684761,1
1639684766,1
1639684771,1
1639684776,1
1639684781,1
1639684786,1
1639684791,1
1639684796,1
1639684801,1
1639684806,1
1639684811,1
1639684816,1
1639684821,1
1639684826,1
1639684831,1
1639684836,1
1639684841,1
1639684846,1
1639684851,1
1639684856,1
1639684861,1
1639684866,1
1639684871,1
1639684876,1
1639684881,1
1639684886,1
1639684891,1
1639684896,1
1639684902,1
1639684907,1
1639684912,1
1639684917,1
1639684922,1
1639684927,1
1639684932,1
1639684937,1
1639684942,1
1639684947,1
1639684952,1
1639684957,1
1639684962,1
1639684967,1
1639684972,1
1639684977,1
1639684982,1
1639684987,1
1639684992,1
1639684997,1
1639685002,1
1639685007,1
1639685012,1
1639685017,1
1639685022,1
1639685027,1
1639685032,1
1639685037,1
1639685042,1
1639685047,1
1639685052,1
1639685057,1
1639685062,1
1639685067,1
1639685072,1
1639685077,1
1639685082,1
1639685087,1
1639685092,1
1639685097,1
1639685102,1
1639685107,1
1639685112,1
1639685117,1
1639685122,1
1639685127,1
1639685132,1
1639685137,1
1639685142,1
1639685147,1
1639685152,1
1639685157,1
1639685162,1
1639685167,1
1639685172,1
1639685177,1
1639685182,1
1639685187,1
1639685192,1
1639685197,1
1639685202,1
1639685207,1
1639685212,1
1639685217,1
1639685222,1
1639685227,1
1639685232,1
1639685237,1
1639685242,1
1639685247,1
1639685252,1
1639685257,1
1639685262,1
1639685267,1
1639685272,1
1639685277,1
1639685282,1
1639685287,1
1639685292,1
1639685297,1
1639685302,1
1639685307,1
1639685312,1
1639685317,1
1639685322,1
1639685327,1
1639685332,1
1639685337,1
1639685342,1
1639685347,1
1639685352,1
1639685357,1
1639685362,1
1639685367,1
1639685372,1
1639685377,1
1639685382,1
1639685387,1
1639685392,1
1639685397,1
1639685402,1
1639685407,1
1639685412,1
1639685417,1
1639685422,1
1639685427,1
1639685432,1
1639685437,1
1639685442,1
1639685447,1
1639685452,1
1639685457,1
1639685462,1
1639685467,1
1639685472,1
1639685477,1
1639685482,1
1639685488,1
1639685493,1
1639685498,1
1639685503,1
1639685508,1
1639685513,1
1639685518,1
1639685523,1
1639685528,1
1639685533,1
1639685538,1
1639685543,1
1639685548,1
1639685553,1
1639685558,1
1639685563,1
1639685568,1
1639685573,1
1639685578,1
1639685583,1
1639685588,1
1639685593,1
1639685598,1
1639685603,1
1639685608,1
1639685613,1
1639685618,1
1639685623,1
1639685628,1
1639685633,1
1639685638,1
1639685643,1
1639685648,1
1639685653,1
1639685658,1
1639685663,1
1639685668,1
1639685673,1
1639685678,1
1639685683,1
1639685688,1
1639685693,1
1639685698,1
1639685703,1
1639685708,1
1639685713,1
1639685718,1
1639685723,1
1639685728,1
1639685733,1
1639685738,1
1639685743,1
1639685748,1
1639685753,1
1639685758,1
1639685763,1
1639685768,1
1639685773,1
1639685778,1
1639685783,1
1639685788,1
1639685793,1
1639685798,1
1639685803,1
1639685808,1
1639685813,1
1639685818,1
1639685823,1
1639685828,1
1639685833,1
1639685838,1
1639685843,1
1639685848,1
1639685853,1
1639685858,1
1639685863,1
1639685868,1
1639685873,1
1639685878,1
1639685883,1
1639685888,1
1639685893,1
1639685898,1
1639685903,1
1639685908,1
1639685913,1
1639685918,1
1639685923,1
1639685928,1
1639685933,1
1639685938,1
1639685943,1
1639685948,1
1639685953,1
1639685958,1
1639685963,1
1639685968,1
1639685973,1
1639685978,1
1639685983,1
1639685988,1
1639685993,1
1639685998,1
1639686003,1
1639686008,1
1639686013,1
1639686018,1
1639686023,1
1639686028,1
1639686033,1
1639686038,1
1639686043,1
1639686048,1
1639686053,1
1639686058,1
1639686063,1
1639686068,1
1639686073,1
1639686079,1
1639686084,1
1639686089,1
1639686094,1
1639686099,1
1639686104,1
1639686109,1
1639686114,1
1639686119,1
1639686124,1
1639686129,1
1639686134,1
1639686139,1
1639686144,1
1639686149,1
1639686154,1
1639686159,1
1639686164,1
1639686169,1
1639686174,1
1639686179,1
1639686184,1
1639686189,1
1639686194,1
1639686199,1
1639686204,1
1639686209,1
1639686214,1
1639686219,1
1639686224,1
1639686229,1
1639686234,1
1639686239,1
1639686244,1
1639686249,1
1639686254,1
1639686259,1
1639686264,1
1639686269,1
1639686274,1
1639686279,1
1639686284,1
1639686289,1
1639686294,1
1639686299,1
1639686304,1
1639686309,1
1639686314,1
1639686319,1
1639686324,1
1639686329,1
1639686334,1
1639686339,1
1639686344,1
1639686349,1
1639686354,1
1639686359,1
1639686364,1
1639686369,1
1639686374,1
1639686379,1
1639686384,1
1639686389,1
1639686394,1
1639686399,1
1639686404,1
1639686409,1
1639686414,1
1639686419,1
1639686424,1
1639686429,1
1639686434,1
1639686439,1
1639686444,1
1639686449,1
1639686454,1
1639686459,1
1639686464,1
1639686469,1
1639686474,1
1639686479,1
1639686484,1
1639686489,1
1639686494,1
1639686499,1
1639686504,1
1639686509,1
1639686514,1
1639686519,1
1639686524,1
1639686529,1
1639686534,1
1639686539,1
1639686544,1
1639686549,1
1639686554,1
1639686559,1
1639686564,1
1639686569,1
1639686574,1
1639686579,1
1639686584,1
1639686589,1
1639686594,1
1639686599,1
1639686604,1
1639686609,1
1639686614,1
1639686619,1
1639686624,1
1639686629,1
1639686634,1
1639686639,1
1639686644,1
1639686649,1
1639686655,1
1639686660,1
1639686665,1
1639686670,1
1639686675,1
1639686680,1
1639686685,1
1639686690,1
1639686695,1
1639686700,1
1639686705,1
1639686710,1
1639686715,1
1639686720,1
1639686725,1
1639686730,1
1639686735,1
1639686740,1
1639686745,1
1639686750,1
1639686755,1
1639686760,1
1639686765,1
1639686770,1
1639686775,1
1639686780,1
1639686785,1
1639686790,1
1639686795,1
1639686800,1
1639686805,1
1639686810,1
1639686815,1
1639686820,1
1639686825,1
1639686830,1
1639686835,1
1639686840,1
1639686845,1
1639686850,1
1639686855,1
1639686860,1
1639686865,1
1639686870,1
1639686875,1
1639686880,1
1639686885,1
1639686890,1
1639686895,1
1639686900,1
1639686905,1
1639686910,1
1639686915,1
1639686920,1
1639686925,1
1639686930,1
1639686935,1
1639686940,1
1639686945,1
1639686950,1
1639686955,1
1639686960,1
1639686965,1
1639686970,1
1639686975,1
1639686980,1
1639686985,1
1639686990,1
1639686995,1
1639687000,1
1639687005,1
1639687010,1
1639687015,1
1639687020,1
1639687025,1
1639687030,1
1639687035,1
1639687040,1
1639687045,1
1639687050,1
1639687055,1
1639687060,1
1639687065,1
1639687070,1
1639687075,1
1639687080,1
1639687085,1
1639687090,1
1639687095,1
1639687100,1
1639687105,1
1639687110,1
1639687115,1
1639687120,1
1639687125,1
1639687130,1
1639687135,1
1639687140,1
1639687145,1
1639687150,1
1639687155,1
1639687160,1
1639687165,1
1639687170,1
1639687175,1
1639687180,1
1639687185,1
1639687190,1
1639687195,1
1639687200,1
1639687205,1
1639687210,1
1639687216,1
1639687221,1
1639687226,1
1639687231,1
1639687236,1
1639687241,1
1639687246,1
1639687251,1
1639687256,1
1639687261,1
1639687266,1
1639687271,1
1639687276,1
1639687281,1
1639687286,1
1639687291,1
1639687296,1
1639687301,1
1639687306,1
1639687311,1
1639687316,1
1639687321,1
1639687326,1
1639687331,1
1639687336,1
1639687341,1
1639687346,1
1639687351,1
1639687356,1
1639687361,1
1639687366,1
1639687371,1
1639687376,1
1639687381,1
1639687386,1
1639687391,1
1639687396,1
1639687401,1
1639687406,1
1639687411,1
1639687416,1
1639687421,1
1639687426,1
1639687431,1
1639687436,1
1639687441,1
1639687446,1
1639687451,1
1639687456,1
1639687461,1
1639687466,1
1639687471,1
1639687476,1
1639687481,1
1639687486,1
1639687491,1
1639687496,1
1639687501,1
1639687506,1
1639687511,1
1639687516,1
1639687521,1
1639687526,1
1639687531,1
1639687536,1
1639687541,1
1639687546,1
1639687551,1
1639687556,1
1639687561,1
1639687566,1
1639687571,1
1639687576,1
1639687581,1
1639687586,1
1639687591,1
1639687596,1
1639687601,1
1639687606,1
1639687611,1
1639687616,1
1639687621,1
1639687626,1
1639687631,1
1639687636,1
1639687641,1
1639687646,1
1639687651,1
1639687656,1
1639687661,1
1639687666,1
1639687671,1
1639687676,1
1639687681,1
1639687686,1
1639687691,1
1639687696,1
1639687701,1
1639687706,1
1639687711,1
1639687716,1
1639687721,1
1639687726,1
1639687731,1
1639687736,1
1639687741,1
1639687746,1
1639687751,1
1639687756,1
1639687761,1
1639687766,1
1639687771,1
1639687776,1
1639687781,1
1639687786,1
1639687791,1
1639687797,1
1639687802,1
1639687807,1
1639687812,1
1639687817,1
1639687822,1
1639687827,1
1639687832,1
1639687837,1
1639687842,1
1639687847,1
1639687852,1
1639687857,1
1639687862,1
1639687867,1
1639687872,1
1639687877,1
1639687882,1
1639687887,1
1639687892,1
1639687897,1
1639687902,1
1639687907,1
1639687912,1
1639687917,1
1639687922,1
1639687927,1
1639687932,1
1639687937,1
1639687942,1
1639687947,1
1639687952,1
1639687957,1
1639687962,1
1639687967,1
1639687972,1
1639687977,1
1639687982,1
1639687987,1
1639687992,1
1639687997,1
1639688002,1
1639688007,1
1639688012,1
1639688017,1
1639688022,1
1639688027,1
1639688032,1
1639688037,1
1639688042,1
1639688047,1
1639688052,1
1639688057,1
1639688062,1
1639688067,1
1639688072,1
1639688077,1
1639688082,1
1639688087,1
1639688092,1
1639688097,1
1639688102,1
1639688107,1
1639688112,1
1639688117,1
1639688122,1
1639688127,1
1639688132,1
1639688137,1
1639688142,1
1639688147,1
1639688152,1
1639688157,1
1639688162,1
1639688167,1
1639688172,1
1639688177,1
1639688182,1
1639688187,1
1639688192,1
1639688197,1
1639688202,1
1639688207,1
1639688212,1
1639688217,1
1639688222,1
1639688227,1
1639688232,1
1639688237,1
1639688242,1
1639688247,1
1639688252,1
1639688257,1
1639688262,1
1639688267,1
1639688272,1
1639688277,1
1639688282,1
1639688287,1
1639688292,1
1639688297,1
1639688302,1
1639688307,1
1639688312,1
1639688317,1
1639688322,1
1639688327,1
1639688332,1
1639688337,1
1639688342,1
1639688347,1
1639688352,1
1639688358,1
1639688363,1
1639688368,1
1639688373,1
1639688378,1
1639688383,1
1639688388,1
1639688393,1
1639688398,1
1639688403,1
1639688408,1
1639688413,1
1639688418,1
1639688423,1
1639688428,1
1639688433,1
1639688438,1
1639688443,1
1639688448,1
1639688453,1
1639688458,1
1639688463,1
1639688468,1
1639688473,1
1639688478,1
1639688483,1
1639688488,1
1639688493,1
1639688498,1
1639688503,1
1639688508,1
1639688513,1
1639688518,1
1639688523,1
1639688528,1
1639688533,1
1639688538,1
1639688543,1
1639688548,1
1639688553,1
1639688558,1
1639688563,1
1639688568,1
1639688573,1
1639688578,1
1639688583,1
1639688588,1
1639688593,1
1639688598,1
1639688603,1
1639688608,1
1639688613,1
1639688618,1
1639688623,1
1639688628,1
1639688633,1
1639688638,1
1639688643,1
1639688648,1
1639688653,1
1639688658,1
1639688663,1
1639688668,1
1639688673,1
1639688678,1
1639688683,1
1639688688,1
1639688693,1
1639688698,1
1639688703,1
1639688708,1
1639688713,1
1639688718,1
1639688723,1
1639688728,1
1639688733,1
1639688738,1
1639688743,1
1639688748,1
1639688753,1
1639688758,1
1639688763,1
1639688768,1
1639688773,1
1639688778,1
1639688783,1
1639688788,1
1639688793,1
1639688798,1
1639688803,1
1639688808,1
1639688813,1
1639688818,1
1639688823,1
1639688828,1
1639688833,1
1639688838,1
1639688843,1
1639688848,1
1639688853,1
1639688858,1
1639688863,1
1639688868,1
1639688873,1
1639688878,1
1639688883,1
1639688888,1
1639688893,1
1639688898,1
1639688903,1
1639688908,1
1639688913,1
1639688918,1
1639688923,1
1639688928,1
1639688933,1
1639688938,1
1639688943,1
1639688948,1
1639688954,1
1639688959,1
1639688964,1
1639688969,1
1639688974,1
1639688979,1
1639688984,1
1639688989,1
1639688994,1
1639688999,1
1639689004,1
1639689009,1
1639689014,1
1639689019,1
1639689024,1
1639689029,1
1639689034,1
1639689039,1
1639689044,1
1639689049,1
1639689054,1
1639689059,1
1639689064,1
1639689069,1
1639689074,1
1639689079,1
1639689084,1
1639689089,1
1639689094,1
1639689099,1
1639689104,1
1639689109,1
1639689114,1
1639689119,1
1639689124,1
1639689129,1
1639689134,1
1639689139,1
1639689144,1
1639689149,1
1639689154,1
1639689159,1
1639689164,1
1639689169,1
1639689174,1
1639689179,1
1639689184,1
1639689189,1
1639689194,1
1639689199,1
1639689204,1
1639689209,1
1639689214,1
1639689219,1
1639689224,1
1639689229,1
1639689234,1
1639689239,1
1639689244,1
1639689249,1
1639689254,1
1639689259,1
1639689264,1
1639689269,1
1639689274,1
1639689279,1
1639689284,1
1639689289,1
1639689294,1
1639689299,1
1639689304,1
1639689309,1
1639689314,1
1639689319,1
1639689324,1
1639689329,1
1639689334,1
1639689339,1
1639689344,1
1639689349,1
1639689354,1
1639689359,1
1639689364,1
1639689369,1
1639689374,1
1639689379,1
1639689384,1
1639689389,1
1639689394,1
1639689399,1
1639689404,1
1639689409,1
1639689414,1
1639689419,1
1639689424,1
1639689429,1
1639689434,1
1639689439,1
1639689444,1
1639689449,1
1639689454,1
1639689459,1
1639689464,1
1639689469,1
1639689474,1
1639689479,1
1639689484,1
1639689489,1
1639689494,1
1639689499,1
1639689504,1
1639689509,1
1639689514,1
1639689519,1
1639689524,1
1639689529,1
1639689534,1
1639689539,1
1639689545,1
1639689550,1
1639689555,1
1639689560,1
1639689565,1
1639689570,1
1639689575,1
1639689580,1
1639689585,1
1639689590,1
1639689595,1
1639689600,1
1639689605,1
1639689610,1
1639689615,1
1639689620,1
1639689625,1
1639689630,1
1639689635,1
1639689640,1
1639689645,1
1639689650,1
1639689655,1
1639689660,1
1639689665,1
1639689670,1
1639689675,1
1639689680,1
1639689685,1
1639689690,1
1639689695,1
1639689700,1
1639689705,1
1639689710,1
1639689715,1
1639689720,1
1639689725,1
1639689730,1
1639689735,1
1639689740,1
1639689745,1
1639689750,1
1639689755,1
1639689760,1
1639689765,1
1639689770,1
1639689775,1
1639689780,1
1639689785,1
1639689790,1
1639689795,1
1639689800,1
1639689805,1
1639689810,1
1639689815,1
1639689820,1
1639689825,1
1639689830,1
1639689835,1
1639689840,1
1639689845,1
1639689850,1
1639689855,1
1639689860,1
1639689865,1
1639689870,1
1639689875,1
1639689880,1
1639689885,1
1639689890,1
1639689895,1
1639689900,1
1639689905,1
1639689910,1
1639689915,1
1639689920,1
1639689925,1
1639689930,1
1639689935,1
1639689940,1
1639689945,1
1639689950,1
1639689955,1
1639689960,1
1639689965,1
1639689970,1
1639689975,1
1639689980,1
1639689985,1
1639689990,1
1639689995,1
1639690000,1
1639690005,1
1639690010,1
1639690015,1
1639690020,1
1639690025,1
1639690030,1
1639690035,1
1639690040,1
1639690045,1
1639690050,1
1639690055,1
1639690060,1
1639690065,1
1639690070,1
1639690075,1
1639690080,1
1639690085,1
1639690090,1
1639690095,1
1639690100,1
1639690105,1
1639690110,1
1639690115,1
1639690120,1
1639690125,1
1639690131,1
1639690136,1
1639690141,1
1639690146,1
1639690151,1
1639690156,1
1639690161,1
1639690166,1
1639690171,1
1639690176,1
1639690181,1
1639690186,1
1639690191,1
1639690196,1
1639690201,1
1639690206,1
1639690211,1
1639690216,1
1639690221,1
1639690226,1
1639690231,1
1639690236,1
1639690241,1
1639690246,1
1639690251,1
1639690256,1
1639690261,1
1639690266,1
1639690271,1
1639690276,1
1639690281,1
1639690286,1
1639690291,1
1639690296,1
1639690301,1
1639690306,1
1639690311,1
1639690316,1
1639690321,1
1639690326,1
1639690331,1
1639690336,1
1639690341,1
1639690346,1
1639690351,1
1639690356,1
1639690361,1
1639690366,1
1639690371,1
1639690376,1
1639690381,1
1639690386,1
1639690391,1
1639690396,1
1639690401,1
1639690406,1
1639690411,1
1639690416,1
1639690421,1
1639690426,1
1639690431,1
1639690436,1
1639690441,1
1639690446,1
1639690451,1
1639690456,1
1639690461,1
1639690466,1
1639690471,1
1639690476,1
1639690481,1
1639690486,1
1639690491,1
1639690496,1
1639690501,1
1639690506,1
1639690511,1
1639690516,1
1639690521,1
1639690526,1
1639690531,1
1639690536,1
1639690541,1
1639690546,1
1639690551,1
1639690556,1
1639690561,1
1639690566,1
1639690571,1
1639690576,1
1639690581,1
1639690586,1
1639690591,1
1639690596,1
1639690601,1
1639690606,1
1639690611,1
1639690616,1
1639690621,1
1639690626,1
1639690631,1
1639690636,1
1639690641,1
1639690646,1
1639690651,1
1639690656,1
1639690661,1
1639690666,1
1639690671,1
1639690676,1
1639690681,1
1639690686,1
1639690691,1
1639690696,1
1639690701,1
1639690706,1
1639690711,1
1639690717,1
1639690722,1
1639690727,1
1639690732,1
1639690737,1
1639690742,1
1639690747,1
1639690752,1
1639690757,1
1639690762,1
1639690767,1
1639690772,1
1639690777,1
1639690782,1
1639690787,1
1639690792,1
1639690797,1
1639690802,1
1639690807,1
1639690812,1
1639690817,1
1639690822,1
1639690827,1
1639690832,1
1639690837,1
1639690842,1
1639690847,1
1639690852,1
1639690857,1
1639690862,1
1639690867,1
1639690872,1
1639690877,1
1639690882,1
1639690887,1
1639690892,1
1639690897,1
1639690902,1
1639690907,1
1639690912,1
1639690917,1
1639690922,1
1639690927,1
1639690932,1
1639690937,1
1639690942,1
1639690947,1
1639690952,1
1639690957,1
1639690962,1
1639690967,1
1639690972,1
1639690977,1
1639690982,1
1639690987,1
1639690992,1
1639690997,1
1639691002,1
1639691007,1
1639691012,1
1639691017,1
1639691022,1
1639691027,1
1639691032,1
1639691037,1
1639691042,1
1639691047,1
1639691052,1
1639691057,1
1639691062,1
1639691067,1
1639691072,1
1639691077,1
1639691082,1
1639691087,1
1639691092,1
1639691097,1
1639691102,1
1639691107,1
1639691112,1
1639691117,1
1639691122,1
1639691127,1
1639691132,1
1639691137,1
1639691142,1
1639691147,1
1639691152,1
1639691157,1
1639691162,1
1639691167,1
1639691172,1
1639691177,1
1639691182,1
1639691187,1
1639691192,1
1639691197,1
1639691202,1
1639691207,1
1639691212,1
1639691217,1
1639691222,1
1639691227,1
1639691232,1
1639691237,1
1639691242,1
1639691247,1
1639691252,1
1639691257,1
1639691262,1
1639691267,1
1639691272,1
1639691277,1
1639691282,1
1639691287,1
1639691292,1
1639691297,1
1639691302,1
1639691307,1
1639691312,1
1639691317,1
1639691323,1
1639691328,1
1639691333,1
1639691338,1
1639691343,1
1639691348,1
1639691353,1
1639691358,1
1639691363,1
1639691368,1
1639691373,1
1639691378,1
1639691383,1
1639691388,1
1639691393,1
1639691398,1
1639691403,1
1639691408,1
1639691413,1
1639691418,1
1639691423,1
1639691428,1
1639691433,1
1639691438,1
1639691443,1
1639691448,1
1639691453,1
1639691458,1
1639691463,1
1639691468,1
1639691473,1
1639691478,1
1639691483,1
1639691488,1
1639691493,1
1639691498,1
1639691503,1
1639691508,1
1639691513,1
1639691518,1
1639691523,1
1639691528,1
1639691533,1
1639691538,1
1639691543,1
1639691548,1
1639691553,1
1639691558,1
1639691563,1
1639691568,1
1639691573,1
1639691578,1
1639691583,1
1639691588,1
1639691593,1
1639691598,1
1639691603,1
1639691608,1
1639691613,1
1639691618,1
1639691623,1
1639691628,1
1639691633,1
1639691638,1
1639691643,1
1639691648,1
1639691653,1
1639691658,1
1639691663,1
1639691668,1
1639691673,1
1639691678,1
1639691683,1
1639691688,1
1639691693,1
1639691698,1
1639691703,1
1639691708,1
1639691713,1
1639691718,1
1639691723,1
1639691728,1
1639691733,1
1639691738,1
1639691743,1
1639691748,1
1639691753,1
1639691758,1
1639691763,1
1639691768,1
1639691773,1
1639691778,1
1639691783,1
1639691788,1
1639691793,1
1639691798,1
1639691803,1
1639691808,1
1639691813,1
1639691818,1
1639691823,1
1639691828,1
1639691833,1
1639691838,1
1639691843,1
1639691848,1
1639691853,1
1639691858,1
1639691863,1
1639691868,1
1639691873,1
1639691878,1
1639691883,1
1639691888,1
1639691893,1
1639691899,1
1639691904,1
1639691909,1
1639691914,1
1639691919,1
1639691924,1
1639691929,1
1639691934,1
1639691939,1
1639691944,1
1639691949,1
1639691954,1
1639691959,1
1639691964,1
1639691969,1
1639691974,1
1639691979,1
1639691984,1
1639691989,1
1639691994,1
1639691999,1
1639692004,1
1639692009,1
1639692014,1
1639692019,1
1639692024,1
1639692029,1
1639692034,1
1639692039,1
1639692044,1
1639692049,1
1639692054,1
1639692059,1
1639692064,1
1639692069,1
1639692074,1
1639692079,1
1639692084,1
1639692089,1
1639692094,1
1639692099,1
1639692104,1
1639692109,1
1639692114,1
1639692119,1
1639692124,1
1639692129,1
1639692134,1
1639692139,1
1639692144,1
1639692149,1
1639692154,1
1639692159,1
1639692164,1
1639692169,1
1639692174,1
1639692179,1
1639692184,1
1639692189,1
1639692194,1
1639692199,1
1639692204,1
1639692209,1
1639692214,1
1639692219,1
1639692224,1
1639692229,1
1639692234,1
1639692239,1
1639692244,1
1639692249,1
1639692254,1
1639692259,1
1639692264,1
1639692269,1
1639692274,1
1639692279,1
1639692284,1
1639692289,1
1639692294,1
1639692299,1
1639692304,1
1639692309,1
1639692314,1
1639692319,1
1639692324,1
1639692329,1
1639692334,1
1639692339,1
1639692344,1
1639692349,1
1639692354,1
1639692359,1
1639692364,1
1639692369,1
1639692374,1
1639692379,1
1639692384,1
1639692389,1
1639692394,1
1639692399,1
1639692404,1
1639692409,1
1639692414,1
1639692419,1
1639692424,1
1639692429,1
1639692434,1
1639692439,1
1639692444,1
1639692449,1
1639692454,1
1639692459,1
1639692464,1
1639692469,1
1639692474,1
1639692479,1
1639692484,1
1639692489,1
1639692494,1
1639692499,1
1639692505,1
1639692510,1
1639692515,1
1639692520,1
1639692525,1
1639692530,1
1639692535,1
1639692540,1
1639692545,1
1639692550,1
1639692555,1
1639692560,1
1639692565,1
1639692570,1
1639692575,1
1639692580,1
1639692585,1
1639692590,1
1639692595,1
1639692600,1
1639692605,1
1639692610,1
1639692615,1
1639692620,1
1639692625,1
1639692630,1
1639692635,1
1639692640,1
1639692645,1
1639692650,1
1639692655,1
1639692660,1
1639692665,1
1639692670,1
1639692675,1
1639692680,1
1639692685,1
1639692690,1
1639692695,1
1639692700,1
1639692705,1
1639692710,1
1639692715,1
1639692720,1
1639692725,1
1639692730,1
1639692735,1
1639692740,1
1639692745,1
1639692750,1
1639692755,1
1639692760,1
1639692765,1
1639692770,1
1639692775,1
1639692780,1
1639692785,1
1639692790,1
1639692795,1
1639692800,1
1639692805,1
1639692810,1
1639692815,1
1639692820,1
1639692825,1
1639692830,1
1639692835,1
1639692840,1
1639692845,1
1639692850,1
1639692855,1
1639692860,1
1639692865,1
1639692870,1
1639692875,1
1639692880,1
1639692885,1
1639692890,1
1639692895,1
1639692900,1
1639692905,1
1639692910,1
1639692915,1
1639692920,1
1639692925,1
1639692930,1
1639692935,1
1639692940,1
1639692945,1
1639692950,1
1639692955,1
1639692960,1
1639692965,1
1639692970,1
1639692975,1
1639692980,1
1639692985,1
1639692990,1
1639692995,1
1639693000,1
1639693005,1
1639693010,1
1639693015,1
1639693020,1
1639693025,1
1639693030,1
1639693035,1
1639693040,1
1639693045,1
1639693050,1
1639693055,1
1639693061,1
1639693066,1
1639693071,1
1639693076,1
1639693081,1
1639693086,1
1639693091,1
1639693096,1
1639693101,1
1639693106,1
1639693111,1
1639693116,1
1639693121,1
1639693126,1
1639693131,1
1639693136,1
1639693141,1
1639693146,1
1639693151,1
1639693156,1
1639693161,1
1639693166,1
1639693171,1
1639693176,1
1639693181,1
1639693186,1
1639693191,1
1639693196,1
1639693201,1
1639693206,1
1639693211,1
1639693216,1
1639693221,1
1639693226,1
1639693231,1
1639693236,1
1639693241,1
1639693246,1
1639693251,1
1639693256,1
1639693261,1
1639693266,1
1639693271,1
1639693276,1
1639693281,1
1639693286,1
1639693291,1
1639693296,1
1639693301,1
1639693306,1
1639693311,1
1639693316,1
1639693321,1
1639693326,1
1639693331,1
