1639743211,4
1639743216,4
1639743221,4
1639743226,4
1639743231,3
1639743236,3
1639743241,3
1639743246,3
1639743252,3
1639743257,3
1639743262,1
1639743267,1
1639743272,1
1639743277,1
1639743282,1
1639743287,1
1639743292,1
1639743297,1
1639743302,1
1639743307,1
1639743312,1
1639743317,1
1639743322,1
1639743327,1
1639743332,1
1639743337,1
1639743342,1
1639743347,1
1639743352,1
1639743357,1
1639743362,1
1639743367,1
1639743372,1
1639743377,1
1639743382,1
1639743387,1
1639743392,1
1639743397,1
1639743402,1
1639743407,1
1639743412,1
1639743417,1
1639743422,1
1639743427,1
1639743432,1
1639743437,1
1639743442,1
1639743447,1
1639743452,1
1639743457,1
1639743462,1
1639743476,1
1639743481,1
1639743486,1
1639743491,1
1639743496,1
1639743501,3
1639743506,3
1639743511,3
1639743516,3
1639743521,3
1639743526,3
1639743531,3
1639743536,3
1639743541,3
1639743546,3
1639743551,3
1639743556,3
1639743561,3
1639743566,3
1639743571,3
1639743576,3
1639743581,3
1639743586,3
1639743591,3
1639743596,3
1639743601,3
1639744324,4
1639744329,4
1639744334,4
1639744339,4
1639744344,3
1639744349,3
1639754655,6
1639754660,6
1639754665,6
1639754670,6
1639754675,6
1639754680,6
1639754685,6
1639754690,6
1639754695,3
1639754700,3
1639754705,3
1639754710,3
1639754715,3
1639754720,3
1639754725,3
1639754730,3
1639754735,3
1639754740,3
1639754745,3
1639754750,3
1639754755,3
1639754760,3
1639754765,3
1639754770,3
1639754775,3
1639754780,3
1639754785,3
1639754790,3
1639754795,3
1639754800,3
1639754805,3
1639754810,3
1639754815,3
1639754820,3
1639754825,3
1639754830,3
1639754835,3
1639754840,3
1639754845,3
1639754850,3
1639754855,3
1639754860,3
1639754865,3
1639754870,3
1639754875,3
1639754880,3
1639754885,3
1639754890,3
1639754895,3
1639754900,3
1639754905,3
1639754910,3
1639754915,3
1639754920,3
1639754925,3
1639754930,3
1639754935,3
1639754940,3
1639754945,3
1639754950,3
1639754955,3
1639754960,3
1639754965,3
1639754970,3
1639754975,3
1639754980,3
1639754985,3
1639754990,3
1639754995,3
1639755000,3
1639755005,3
1639755010,3
1639755015,3
1639755020,3
1639755025,3
1639755030,3
1639755035,3
1639755040,3
1639755045,3
1639755050,3
1639755055,3
1639755060,3
1639755065,3
1639755070,3
1639755075,3
1639755080,3
1639755085,3
1639755090,3
1639755095,3
1639755100,3
1639755105,3
1639755110,3
1639755115,3
1639755120,3
1639755125,3
1639755130,3
1639755136,3
1639755141,3
1639755146,3
1639755151,3
1639755156,3
1639755161,3
1639755166,3
1639755171,3
1639755176,3
1639755181,3
1639755186,3
1639755191,3
1639755196,3
1639755201,3
1639755206,3
1639755211,3
1639755216,3
1639755221,3
1639755226,3
1639755231,3
1639755236,3
1639755241,3
1639755246,3
1639797293,5
1639797298,5
1639797303,5
1639797308,5
1639797313,4
1639797318,4
1639797323,4
1639797328,4
1639797333,4
1639797338,3
1639797343,3
1639797348,3
1639797353,3
1639797358,3
1639797363,3
1639797368,2
1639797373,2
1639797378,2
1639797383,2
1639797388,2
1639797393,2
1639797398,1
1639797403,1
1639797408,1
1639797413,1
1639797418,1
1639797423,1
1639797428,1
1639797433,1
1639797438,1
1639797443,1
1639797448,1
1639797453,1
1639797458,1
1639797463,1
1639797468,1
1639797473,1
1639797478,1
1639797483,1
1639797488,1
1639797493,1
1639797498,1
1639797503,1
1639797508,1
1639797513,1
1639797518,1
1639797523,1
1639797528,1
1639797533,1
1639797538,1
1639797543,1
1639797548,1
1639797553,1
1639797558,1
1639797563,1
1639797568,1
1639797573,1
1639797578,1
1639797583,1
1639797588,1
1639797593,1
1639797598,1
1639797603,1
1639797609,1
1639797614,1
1639797619,1
1639797624,1
1639797629,1
1639797634,1
1639797639,1
1639797644,1
1639797649,1
1639797795,4
1639797800,4
1639797805,4
1639797810,4
1639797815,4
1639797820,3
1639797825,3
1639797830,3
1639797835,3
1639797840,3
1639797845,3
1639797850,1
1639797855,1
1639797860,1
1639797865,1
1639797870,1
1639797875,1
1639797880,1
1639797885,1
1639797890,1
1639797895,1
1639797900,1
1639797905,1
1639797910,1
1639797915,1
1639811740,2
1639811745,2
1639811750,2
1639811755,2
1639811760,2
1639811765,2
1639811770,1
1639811775,1
1639811780,1
1639811785,1
1639811790,1
1639811795,1
1639811800,1
1639811805,1
1639811810,1
1639811815,1
1639811820,1
1639811825,1
1639811830,1
1639811835,1
1639811840,1
1639811845,1
1639811850,1
1639811855,1
1639811860,1
1639812434,1
1639812439,1
1639812444,1
1639812449,1
1639812454,1
1639812459,3
1639812464,3
1639812469,3
1639812474,3
1639812479,3
1639812484,3
1639812489,3
1639812494,3
1639812499,3
1639812504,3
1639812509,3
1639812514,3
1639812519,3
1639812524,3
1639812529,3
1639812534,3
1639812539,3
1639812544,3
1639812549,3
1639812554,3
1639812559,3
1639812564,3
1639812569,3
1639812574,3
1639812579,3
1639812584,3
1639812589,3
1639812594,3
1639812599,3
1639812604,3
1639812609,3
1639812614,3
1639812619,3
1639812624,3
1639812629,3
1639812634,3
1639812639,3
1639812644,3
1639812649,3
1639812654,3
1639812659,3
1639812664,3
1639812669,3
1639812674,3
1639812679,3
1639812684,3
1639812689,3
1639812694,3
1639812699,3
1639812704,3
1639812709,3
1639812714,3
1639812719,3
1639812724,3
1639812729,3
1639812734,3
1639812739,3
1639812744,3
1639812749,3
1639812754,3
1639812759,3
1639812764,3
1639812769,3
1639812774,3
1639812779,3
1639812784,3
1639812789,3
1639812794,3
1639812799,3
1639812804,3
1639812809,3
1639812815,3
1639812820,3
1639812825,3
1639812830,3
1639812835,3
1639812840,3
1639812845,3
1639812850,3
1639812855,3
1639812860,3
1639812865,3
1639812870,3
1639812875,3
1639812880,3
1639812885,3
1639812890,3
1639812895,3
1639812900,3
1639812905,3
1639812910,3
1639812915,3
1639812920,3
1639812925,3
1639812930,3
1639812935,3
1639812940,3
1639812945,3
1639812950,3
1639812955,3
1639812960,3
1639812965,3
1639812970,3
1639812975,3
1639812980,3
1639812985,3
1639812990,3
1639812995,3
1639813000,3
1639813005,3
1639813010,3
1639813015,3
1639813020,3
1639813025,3
1639818332,3
1639818337,3
1639818342,3
1639818347,3
1639818352,3
1639818357,3
1639818362,3
1639818367,3
1639818372,1
1639818377,1
1639818382,1
1639818387,1
1639818392,1
1639818397,1
1639818402,1
1639818407,1
1639818412,1
1639818417,1
1639818422,1
1639818427,1
1639818432,1
1639818437,1
1639818442,1
1639818447,1
1639818452,1
1639818457,1
1639818462,1
1639818467,1
1639818472,1
1639818477,1
1639818482,1
1639818487,1
1639818492,1
1639818497,1
1639818502,1
1639818507,1
1639818512,1
1639818517,1
1639818522,1
1639818527,1
1639818532,1
1639818537,1
1639818542,1
1639818547,1
1639818552,1
1639818557,1
1639818562,1
1639818567,1
1639818572,1
1639818577,1
1639818582,1
1639818587,1
1639818592,1
1639818597,1
1639818602,1
1639818607,1
1639818612,1
1639818617,1
1639818622,1
1639818627,1
1639818632,1
1639818637,1
1639818642,1
1639818647,1
1639818652,1
1639818657,1
1639818662,1
1639818667,1
1639818672,1
1639818677,1
1639818682,1
1639818687,1
1639818692,1
1639818697,1
1639818702,1
1639818707,1
1639818712,1
1639818717,1
1639818722,1
1639818727,1
1639818732,1
1639818737,1
1639818742,1
1639818747,1
1639818752,1
1639818757,1
1639818762,1
1639818767,1
1639818772,1
1639818777,1
1639818783,1
1639818788,1
1639818793,1
1639818798,1
1639818803,1
1639818808,1
1639818813,1
1639818818,1
1639818823,1
1639818828,1
1639818833,1
1639818838,1
1639818843,1
1639818848,1
1639818853,1
1639818858,1
1639818863,1
1639818868,1
1639818873,1
1639818878,1
1639818883,1
1639818888,1
1639818893,1
1639818898,1
1639818903,1
1639818908,1
1639818913,1
1639818918,1
1639818923,1
1639821001,4
1639821006,4
1639821011,3
1639821016,3
1639821021,3
1639821026,3
1639821031,3
1639821036,3
1639821041,3
1639821046,3
1639821051,3
1639821056,3
1639821061,3
1639821066,3
1639821071,3
1639821076,3
1639821081,3
1639821086,3
1639821091,3
1639821096,3
1639821101,3
1639821106,3
1639821111,3
1639821116,3
1639821121,3
1639821126,3
1639821131,3
1639821136,3
1639821141,3
1639821146,3
1639821151,3
1639821156,3
1639821161,3
1639821166,3
1639821171,3
1639821176,3
1639821181,3
1639821186,3
1639821191,3
1639821196,3
1639821201,3
1639821206,3
1639821211,3
1639821216,3
1639821221,3
1639821226,3
1639821231,3
1639821236,3
1639821241,3
1639821246,3
1639821251,3
1639821256,3
1639821261,3
1639821266,3
1639821271,3
1639821276,3
1639821281,3
1639821286,3
1639821291,3
1639821296,3
1639821301,3
1639821306,3
1639821311,3
1639821316,3
1639821321,3
1639821326,3
1639821331,3
1639821336,3
1639821341,3
1639821346,3
1639821351,3
1639821356,3
1639821361,3
1639821366,3
1639821371,3
1639821376,3
1639821382,3
1639821387,3
1639821392,3
1639821397,3
1639821402,3
1639821407,3
1639821412,3
1639821417,3
1639821422,3
1639821427,3
1639821432,3
1639821437,3
1639821442,3
1639821447,3
1639821452,3
1639821457,3
1639821462,3
1639821467,3
1639821472,3
1639821477,3
1639821482,3
1639821487,3
1639821492,3
1639821497,3
1639821502,3
1639821507,3
1639821512,3
1639821517,3
1639821522,3
1639821527,3
1639821532,3
1639821537,3
1639821542,3
1639821547,3
1639821552,3
1639821557,3
1639821562,3
1639821567,3
1639821572,3
1639821577,3
1639821582,3
1639821587,3
1639821592,3
1639822726,4
1639822731,4
1639822736,4
1639822741,4
1639822746,4
1639822751,3
1639822757,3
1639822762,3
1639822767,3
1639822772,3
1639822777,3
1639822782,3
1639822787,3
1639822792,3
1639822797,3
1639822802,3
1639822807,3
1639822812,3
1639822817,3
1639822822,3
1639822827,3
1639822832,3
1639822837,3
1639822842,3
1639822847,3
1639822852,3
1639822857,3
1639822862,3
1639822867,3
1639822872,3
1639822877,3
1639822882,3
1639822887,3
1639822892,3
1639822897,3
1639822902,3
1639822907,3
1639822912,3
1639822917,3
1639822922,3
1639822927,3
1639822932,3
1639822937,3
1639822942,3
1639822947,3
1639822952,3
1639822957,3
1639822962,3
1639822967,3
1639822972,3
1639822977,3
1639826469,4
1639826474,4
1639826479,4
1639826484,4
1639826489,4
1639826494,4
1639826499,3
1639826504,3
1639826509,3
1639826514,3
1639826519,3
1639826524,3
1639826529,3
1639826534,3
1639826539,3
1639826544,3
1639826549,3
1639826554,3
1639826559,3
1639826564,3
1639826569,3
1639826574,3
1639826579,3
1639826584,3
1639826589,3
1639826594,3
1639826599,3
1639826604,3
1639826609,3
1639826614,3
1639826619,3
1639826624,3
1639826629,3
1639826634,3
1639826639,3
1639826644,3
1639826649,3
1639826654,3
1639826659,3
1639826664,3
1639826669,3
1639826674,3
1639826679,3
1639826684,3
1639826689,3
1639826694,3
1639826699,3
1639826704,3
1639826709,3
1639826714,3
1639826719,3
1639826724,3
1639826729,3
1639826734,3
1639826739,3
1639826744,3
1639826749,3
1639826754,3
1639826759,3
1639826764,3
1639826769,3
1639826774,3
1639826779,3
1639826784,3
1639826789,3
1639826794,3
1639826799,3
1639826804,3
1639826809,3
1639826814,3
1639826819,3
1639826824,3
1639826829,3
1639826834,3
1639826839,3
1639826844,3
1639826849,3
1639826854,3
1639826859,3
1639826864,3
1639826869,3
1639826874,3
1639826879,3
1639826884,3
1639826889,3
1639826894,3
1639826963,3
1639826968,3
1639826973,3
1639826978,3
1639826983,3
1639826988,3
1639826993,3
1639826998,3
1639827003,3
1639827008,2
1639827013,2
1639827018,2
1639827023,2
1639827028,2
1639827033,2
1639827038,2
1639827043,2
1639827048,2
1639827053,2
1639827058,2
1639827063,2
1639827068,2
1639827073,2
1639827078,2
1639827083,2
1639827088,2
1639827093,2
1639827098,2
1639827103,2
1639827108,2
1639827113,2
1639827118,2
1639827123,2
1639827128,2
1639827133,2
1639827138,2
1639827143,2
1639827148,2
1639827153,2
1639827158,2
1639827163,2
1639827168,2
1639827173,2
1639827178,2
1639827183,2
1639827188,2
1639827193,2
1639827198,2
1639827203,2
1639827208,2
1639827213,2
1639827218,2
1639827223,2
1639827228,2
1639827233,2
1639827238,2
1639830894,4
1639830899,4
1639830904,4
1639830909,3
1639830914,3
1639830919,3
1639830924,3
1639830929,3
1639830935,3
1639830940,3
1639830945,3
1639830950,3
1639830955,3
1639830960,3
1639830965,3
1639830970,3
1639830975,3
1639830980,3
1639830985,3
1639830990,3
1639830995,3
1639831000,3
1639831005,3
1639831010,3
1639831015,3
1639831020,3
1639831025,3
1639831030,3
1639831035,3
1639831040,3
1639831045,3
1639831050,3
1639831055,3
1639831060,3
1639831065,3
1639831070,3
1639831075,3
1639831080,3
1639831085,3
1639831090,3
1639831095,3
1639831100,3
1639831105,3
1639831110,3
1639831115,3
1639831120,3
1639831125,3
1639831130,3
1639831135,3
1639831140,3
1639831145,3
1639831150,3
1639831155,3
1639831160,3
1639831165,3
1639831170,3
1639831175,3
1639831180,3
1639831185,3
1639831190,3
1639831195,3
1639831200,3
1639831205,3
1639831210,3
1639831215,3
1639831220,3
1639831225,3
1639831230,3
1639831235,3
1639831240,3
1639831245,3
1639831250,3
1639831255,3
1639831260,3
1639831265,3
1639831270,3
1639831275,3
1639831280,3
1639831285,3
1639831290,3
1639831295,3
1639831300,3
1639831305,3
1639831310,3
1639831315,3
1639831320,3
1639831325,3
1639831330,3
1639831335,3
1639831340,3
1639831345,3
1639831350,3
1639831355,3
1639831360,3
1639831365,3
1639831370,3
1639831375,3
1639831380,3
1639831385,3
1639831390,3
1639831395,3
1639831400,3
1639831405,3
1639831410,3
1639831415,3
1639831420,3
1639831425,3
1639831430,3
1639831435,3
1639831440,3
1639831445,3
1639831450,3
1639831455,3
1639831460,3
1639831465,3
1639831470,3
1639831475,3
1639831480,3
1639831485,3
1639831519,3
1639831524,3
1639831529,3
1639831534,3
1639831539,2
1639831544,2
1639831549,2
1639831554,2
1639831559,2
1639831564,2
1639831569,2
1639831574,2
1639831579,2
1639831584,2
1639831589,2
1639831594,2
1639831599,2
1639831604,2
1639831609,2
1639831614,2
1639831619,2
1639831624,2
1639831629,2
1639831634,2
1639831639,2
1639831644,2
1639831649,2
1639831654,2
1639831659,2
1639831664,2
1639831669,2
1639831674,2
1639831679,2
1639831684,2
1639831689,2
1639831694,2
1639831699,2
1639831704,2
1639831709,2
1639831714,2
1639831719,2
1639831724,2
1639831729,2
1639831734,2
1639831739,2
1639831744,2
1639831749,2
1639831754,2
1639831759,2
1639831764,2
1639831769,2
1639831774,2
1639831779,2
1639831784,2
1639831789,2
1639831794,2
1639831799,2
1639831804,2
1639831809,2
1639831814,2
1639831819,2
1639831824,2
1639831829,2
1639831834,2
1639831839,2
1639831844,2
1639831849,2
1639831854,2
1639831859,2
1639831864,2
1639831869,2
1639831874,2
1639831879,2
1639831884,2
1639831889,2
1639831894,2
1639831899,2
1639831904,2
1639831909,2
1639831914,2
1639831919,2
1639831924,2
1639831929,2
1639831934,2
1639831939,2
1639831944,2
1639831949,2
1639831954,2
1639831959,2
1639831964,2
1639831969,2
1639831974,2
1639831979,2
1639831984,2
1639831989,2
1639831994,2
1639831999,2
1639832004,2
1639832009,2
1639832014,2
1639832020,2
1639832025,2
1639832030,2
1639832035,2
1639832040,2
1639832045,2
1639832050,2
1639832055,2
1639832060,2
1639832065,2
1639832070,2
1639832075,2
1639832080,2
1639832085,2
1639832090,2
1639832095,2
1639832100,2
1639832105,2
1639832110,2
1639832966,2
1639832971,2
1639832976,2
1639832981,3
1639832986,3
1639832991,3
1639832996,3
1639833001,3
1639833006,3
1639833011,3
1639833016,3
1639833021,3
1639833026,3
1639833031,3
1639833036,3
1639833041,3
1639833046,3
1639833051,3
1639833056,3
1639833061,3
1639833066,3
1639833071,3
1639833076,3
1639833081,3
1639833086,3
1639833091,3
1639833096,3
1639833101,3
1639833106,3
1639833111,3
1639833116,3
1639833121,3
1639833126,3
1639833131,3
1639833136,3
1639833141,3
1639833146,3
1639833151,3
1639833156,3
1639833161,3
1639833166,3
1639833171,3
1639833176,3
1639833181,3
1639833186,3
1639833191,3
1639833196,3
1639833201,3
1639833206,3
1639833211,3
1639833216,3
1639833221,3
1639833226,3
1639833231,3
1639833236,3
1639833241,3
1639833246,3
1639833251,3
1639833256,3
1639833261,3
1639833266,3
1639833271,3
1639833276,3
1639833281,3
1639833286,3
1639833291,3
1639833296,3
1639833301,3
1639833306,3
1639833311,3
1639833316,3
1639833321,3
1639833326,3
1639833331,3
1639833336,3
1639833341,3
1639833346,3
1639833351,3
1639833356,3
1639833361,3
1639833366,3
1639833371,3
1639833376,3
1639833381,3
1639833386,3
1639833391,3
1639833396,3
1639833401,3
1639833406,3
1639833411,3
1639833416,3
1639833421,3
1639833426,3
1639833432,3
1639833437,3
1639833442,3
1639833447,3
1639833452,3
1639833457,3
1639833462,3
1639833467,3
1639833472,3
1639833477,3
1639833482,3
1639833487,3
1639833492,3
1639833497,3
1639833502,3
1639833507,3
1639833512,3
1639833517,3
1639833522,3
1639833527,3
1639833532,3
1639833537,3
1639833542,3
1639833547,3
1639833552,3
1639833557,3
1639846659,5
1639846664,5
1639846669,5
1639846674,5
1639846679,5
1639846684,5
1639846689,3
1639846694,3
1639846699,3
1639846704,3
1639846709,3
1639846714,3
1639846719,3
1639846724,3
1639846729,3
1639846734,3
1639846739,3
1639846744,3
1639846749,3
1639846754,3
1639846760,3
1639846765,3
1639846770,3
1639846775,3
1639846780,3
1639846785,3
1639846790,3
1639846795,3
1639846800,3
1639846805,3
1639846810,3
1639846815,3
1639846820,3
1639846825,3
1639846830,3
1639846835,3
1639846840,3
1639846845,3
1639846850,3
1639846855,3
1639846860,3
1639846865,3
1639846870,3
1639846875,3
1639846880,3
1639846885,3
1639846890,3
1639846895,3
1639846900,3
1639846905,3
1639846910,3
1639846915,3
1639846920,3
1639846925,3
1639846930,3
1639846935,3
1639846940,3
1639846945,3
1639846950,3
1639846955,3
1639846960,3
1639846965,3
1639846970,3
1639846975,3
1639846980,3
1639846985,3
1639846990,3
1639846995,3
1639847000,3
1639847005,3
1639847010,3
1639847015,3
1639847020,3
1639847025,3
1639847030,3
1639847035,3
1639847040,3
1639847045,3
1639847050,3
1639847055,3
1639847060,3
1639847065,3
1639847070,3
1639847075,3
1639847080,3
1639847085,3
1639847090,3
1639847095,3
1639847100,3
1639847105,3
1639847110,3
1639847115,3
1639847120,3
1639847125,3
1639847130,3
1639847135,3
1639847140,3
1639847145,3
1639847150,3
1639847155,3
1639847160,3
1639847165,3
1639847170,3
1639847175,3
1639847180,3
1639847185,3
1639847190,3
1639847195,3
1639847200,3
1639847205,3
1639847210,3
1639847215,3
1639847220,3
1639847225,3
1639847230,3
1639847235,3
1639847240,3
1639847245,3
1639847250,3
1639853674,4
1639853679,4
1639853684,4
1639853689,4
1639853694,4
1639853699,4
1639853704,4
1639853709,2
1639853714,2
1639853719,2
1639853724,2
1639853729,2
1639853734,2
1639853739,2
1639853744,2
1639853749,2
1639853754,2
1639853759,2
1639853764,2
1639853769,2
1639853774,2
1639853779,2
1639853784,2
1639853789,2
1639854494,2
1639854499,2
1639855298,2
1639855303,2
1639855308,2
1639855313,2
1639855318,2
1639855323,2
1639855328,2
1639855333,2
1639855338,2
1639855343,2
1639855348,2
1639855353,2
1639855358,2
1639855363,2
1639855368,2
1639855373,2
1639855550,2
1639855555,2
1639855560,2
1639855565,2
1639855570,2
1639855575,2
1639855580,2
1639855585,2
1639855590,2
1639855595,2
1639855600,2
1639855605,2
1639855610,2
1639855615,2
1639855620,2
1639855625,2
1639855630,2
1639855635,2
1639855640,2
1639855645,2
1639855650,2
1639855655,2
1639855660,2
1639855665,2
1639855670,2
1639855675,2
1639855680,2
1639855685,2
1639855690,2
1639855695,2
1639855700,2
1639855705,2
1639855710,2
1639855715,2
1639855720,2
1639855725,2
1639855731,2
1639855736,2
1639855741,2
1639855746,2
1639855751,2
1639855756,2
1639855761,2
1639855766,2
1639855771,2
1639855776,2
1639855781,2
1639855786,2
1639855791,2
1639855796,2
1639855801,2
1639855806,2
1639855811,2
1639855816,2
1639855821,2
1639855826,2
1639855831,2
1639855836,2
1639855841,2
1639855850,2
1639855855,2
1639855860,2
1639855865,2
1639855870,3
1639855875,3
1639855880,3
1639855885,3
1639855890,3
1639855895,3
1639855900,3
1639855905,3
1639855910,3
1639855915,3
1639855920,3
1639855925,3
1639855930,3
1639855935,3
1639855940,3
1639855945,3
1639855950,3
1639855955,3
1639855960,3
1639855965,3
1639855970,3
1639855975,3
1639855980,3
1639855986,3
1639855991,3
1639855996,3
1639856001,3
1639856006,3
1639856011,3
1639856016,3
1639856021,3
1639856026,3
1639856031,3
1639856036,3
1639856041,3
1639856046,3
1639856051,3
1639856056,3
1639856061,3
1639856066,3
1639856071,3
1639856076,3
1639856081,3
1639856086,3
1639856091,3
1639856096,3
1639856101,3
1639856106,3
1639856111,3
1639856116,3
1639856121,3
1639856126,3
1639856131,3
1639856136,3
1639856141,3
1639856750,4
1639856755,4
1639856760,4
1639856765,4
1639856770,3
1639856775,3
1639856780,3
1639856785,3
1639856790,3
1639856795,3
1639856800,3
1639856805,3
1639856810,3
1639856815,3
1639856820,3
1639856825,3
1639856830,3
1639856835,3
1639856840,3
1639856845,3
1639856850,3
1639856855,3
1639856860,3
1639856865,3
1639856870,3
1639856875,3
1639856880,3
1639856885,3
1639856890,3
1639856895,3
1639856900,3
1639856905,3
1639856910,3
1639856915,3
1639856920,3
1639856925,3
1639856930,3
1639856935,3
1639856941,3
1639856946,3
1639856951,3
1639856956,3
1639856961,3
1639856966,3
1639856971,3
1639856976,3
1639856981,3
1639856986,3
1639856991,3
1639856996,3
1639857001,3
1639857006,3
1639857011,3
1639857016,3
1639857021,3
1639857026,3
1639857031,3
1639857036,3
1639857041,3
1639857350,3
1639857355,3
1639857360,3
1639857365,3
1639857370,2
1639857375,2
1639857380,2
1639857385,2
1639857390,2
1639857395,2
1639857400,2
1639857405,2
1639857410,2
1639857415,2
1639857420,2
1639857425,2
1639857430,2
1639857435,2
1639857440,2
1639857445,2
1639857450,2
1639857455,2
1639857460,2
1639857465,2
1639857470,2
1639857475,2
1639857480,2
1639857485,2
1639857490,2
1639857495,2
1639857500,2
1639857505,2
1639857510,2
1639857515,2
1639857521,2
1639857526,2
1639857531,2
1639857536,2
1639857541,2
1639857546,2
1639857551,2
1639857556,2
1639857561,2
1639857566,2
1639857571,2
1639857576,2
1639857581,2
1639857586,2
1639857591,2
1639857596,2
1639857601,2
1639857606,2
1639857611,2
1639857616,2
1639857621,2
1639857626,2
1639857631,2
1639857636,2
1639857641,2
1641317787,4
1641317792,4
1641317797,4
1641317802,4
1641317807,4
1641317812,4
1641317817,1
1641317822,1
1641317827,1
1641317832,1
1641317837,1
1641317842,1
1641317847,1
1641317852,1
1641317857,1
1641317862,1
1641317867,1
1641317872,1
1641317877,1
1641317882,1
1641317887,1
1641317892,1
1641317897,1
1641317902,1
1641317907,1
1641317912,1
1641317917,1
1641317922,1
1641317927,1
1641317932,1
1641317937,1
1641317942,1
1641317947,1
1641317952,1
1641317957,1
1641317962,1
1641317967,1
1641317972,1
1641317977,1
1641317982,1
1641317987,1
